2017-12-22,1513872000,,,
