2018-11-02,1541088000,,,
F0501686,P001,911,0000,1.50
F0501686,P002,922,0000,14.00
F0501686,P002,924,0000,4.00
F0701702,P001,911,0000,1.10
F0701702,P001,923,0000,0.00
F0703948,P001,911,0000,1.30
F0703948,P001,924,0000,11.00
F0703948,P002,923,0000,106.00
F0703948,P003,922,0000,4.00
F0703948,P003,924,0000,20.00
F1600491,P901,923,0000,58.00
F1700736,P701,922,0000,10.00
F0501686,P002,911,0000,1.50
F0703948,P001,923,0000,96.00
F0703948,P002,911,0000,1.20
F0703948,P003,911,0000,1.60
F1600491,P901,922,0000,20.00
F1700736,P601,922,0000,9.00
F2300972,P101,911,0000,1.80
F2300972,P201,911,0000,2.30
F2300972,P301,923,0000,58.00
F2300972,P101,922,0000,3.00
F2300972,P201,923,0000,66.00
F2300972,P301,911,0000,2.70
F0501686,P001,923,0000,97.00
F0501686,P001,924,0000,6.00
F0701702,P001,922,0000,0.00
F0701702,P002,922,0000,20.00
F0703948,P002,922,0000,4.00
F0703948,P002,924,0000,19.00
F0703948,P003,923,0000,89.00
F1700736,P601,911,0000,3.00
F1700736,P701,911,0000,1.90
F2300972,P101,923,0000,88.00
F2300972,P201,924,0000,3.00
F2300972,P301,922,0000,5.00
F0501686,P001,922,0000,7.00
F0501686,P002,923,0000,86.00
F0701702,P002,911,0000,7.80
F0701702,P002,923,0000,51.00
F0703948,P001,922,0000,5.00
F1600491,P901,911,0000,12.30
F1700736,P601,923,0000,21.00
F1700736,P701,923,0000,21.00
F2300972,P101,924,0000,2.00
F2300972,P201,922,0000,3.00
F2300972,P301,924,0000,23.00
F0501686,P001,911,0006,1.60
F0701702,P001,911,0006,1.10
F0703948,P001,911,0006,1.30
F0501686,P002,911,0006,1.40
F0703948,P002,911,0006,1.20
F0703948,P003,911,0006,1.60
F2300972,P101,911,0006,1.80
F2300972,P201,911,0006,2.10
F2300972,P301,911,0006,2.60
F1700736,P601,911,0006,3.00
F1700736,P701,911,0006,1.90
F0701702,P002,911,0006,7.30
F1600491,P901,911,0006,12.30
F0501686,P001,911,0012,1.50
F0701702,P001,911,0012,1.10
F0703948,P001,911,0012,1.50
F0501686,P002,911,0012,1.40
F0703948,P002,911,0012,1.20
F0703948,P003,911,0012,1.60
F2300972,P101,911,0012,1.80
F2300972,P201,911,0012,2.10
F2300972,P301,911,0012,2.60
F1700736,P601,911,0012,3.10
F1700736,P701,911,0012,1.90
F0701702,P002,911,0012,7.20
F1600491,P901,911,0012,12.30
F0501686,P002,922,0015,13.00
F0501686,P002,924,0015,4.00
F0701702,P001,923,0015,0.00
F0703948,P001,924,0015,10.00
F0703948,P002,923,0015,110.00
F0703948,P003,922,0015,4.00
F0703948,P003,924,0015,20.00
F1600491,P901,923,0015,60.00
F0703948,P001,923,0015,91.00
F1600491,P901,922,0015,20.00
F1700736,P601,922,0015,9.00
F2300972,P301,923,0015,57.00
F1700736,P701,922,0015,9.00
F2300972,P101,922,0015,4.00
F2300972,P201,923,0015,62.00
F0501686,P001,923,0015,94.00
F0501686,P001,924,0015,6.00
F0701702,P001,922,0015,0.00
F0701702,P002,922,0015,19.00
F0703948,P002,922,0015,4.00
F0703948,P002,924,0015,20.00
F0703948,P003,923,0015,89.00
F2300972,P101,923,0015,89.00
F2300972,P201,924,0015,3.00
F2300972,P301,922,0015,5.00
F0501686,P001,922,0015,8.00
F0501686,P002,923,0015,88.00
F0701702,P002,923,0015,64.00
F0703948,P001,922,0015,5.00
F1700736,P601,923,0015,21.00
F1700736,P701,923,0015,21.00
F2300972,P101,924,0015,2.00
F2300972,P201,922,0015,3.00
F2300972,P301,924,0015,17.00
F0501686,P001,911,0018,1.60
F0701702,P001,911,0018,1.10
F0703948,P001,911,0018,1.40
F0501686,P002,911,0018,1.40
F0703948,P002,911,0018,1.20
F0703948,P003,911,0018,1.60
F2300972,P101,911,0018,1.80
F2300972,P201,911,0018,2.10
F2300972,P301,911,0018,2.70
F1700736,P601,911,0018,3.00
F1700736,P701,911,0018,1.90
F0701702,P002,911,0018,7.20
F1600491,P901,911,0018,12.30
F0501686,P001,911,0024,1.60
F0701702,P001,911,0024,1.10
F0703948,P001,911,0024,1.40
F0501686,P002,911,0024,1.40
F0703948,P002,911,0024,1.20
F0703948,P003,911,0024,1.60
F2300972,P101,911,0024,1.80
F2300972,P201,911,0024,2.20
F2300972,P301,911,0024,2.70
F1700736,P601,911,0024,3.00
F1700736,P701,911,0024,1.80
F0701702,P002,911,0024,7.20
F1600491,P901,911,0024,12.30
F0501686,P001,911,0030,1.50
F0501686,P002,922,0030,13.00
F0501686,P002,924,0030,5.00
F0701702,P001,911,0030,1.10
F0701702,P001,923,0030,0.00
F0703948,P001,911,0030,1.30
F0703948,P001,924,0030,11.00
F0703948,P002,923,0030,111.00
F0703948,P003,922,0030,4.00
F0703948,P003,924,0030,20.00
F1600491,P901,923,0030,59.00
F0501686,P002,911,0030,1.40
F0703948,P001,923,0030,94.00
F0703948,P002,911,0030,1.20
F0703948,P003,911,0030,1.60
F1600491,P901,922,0030,21.00
F1700736,P601,922,0030,9.00
F2300972,P101,911,0030,1.80
F2300972,P201,911,0030,2.30
F1700736,P701,922,0030,10.00
F2300972,P101,922,0030,3.00
F2300972,P201,923,0030,63.00
F2300972,P301,911,0030,2.60
F0501686,P001,923,0030,92.00
F0501686,P001,924,0030,3.00
F0701702,P001,922,0030,0.00
F0701702,P002,922,0030,20.00
F0703948,P002,922,0030,4.00
F0703948,P002,924,0030,20.00
F0703948,P003,923,0030,89.00
F1700736,P601,911,0030,3.00
F1700736,P701,911,0030,1.90
F2300972,P101,923,0030,83.00
F2300972,P201,924,0030,3.00
F2300972,P301,922,0030,3.00
F0501686,P001,922,0030,7.00
F0501686,P002,923,0030,76.00
F0701702,P002,911,0030,7.80
F0701702,P002,923,0030,58.00
F0703948,P001,922,0030,6.00
F1600491,P901,911,0030,12.30
F1700736,P601,923,0030,20.00
F1700736,P701,923,0030,21.00
F2300972,P101,924,0030,2.00
F2300972,P201,922,0030,3.00
F2300972,P301,924,0030,4.00
F2300972,P301,923,0030,60.00
F0501686,P001,911,0036,1.60
F0701702,P001,911,0036,1.10
F0703948,P001,911,0036,1.30
F0501686,P002,911,0036,1.40
F0703948,P002,911,0036,1.20
F0703948,P003,911,0036,1.60
F2300972,P101,911,0036,1.80
F2300972,P201,911,0036,2.20
F2300972,P301,911,0036,2.50
F1700736,P601,911,0036,3.00
F1700736,P701,911,0036,1.90
F0701702,P002,911,0036,7.30
F1600491,P901,911,0036,12.30
F0501686,P001,911,0042,1.60
F0701702,P001,911,0042,1.10
F0703948,P001,911,0042,1.30
F0501686,P002,911,0042,1.40
F0703948,P002,911,0042,1.20
F0703948,P003,911,0042,1.60
F2300972,P101,911,0042,1.80
F2300972,P201,911,0042,2.20
F2300972,P301,911,0042,2.50
F1700736,P601,911,0042,3.00
F1700736,P701,911,0042,2.00
F0701702,P002,911,0042,7.20
F1600491,P901,911,0042,12.30
F0501686,P002,922,0045,13.00
F0501686,P002,924,0045,26.00
F0701702,P001,923,0045,0.00
F0703948,P001,924,0045,11.00
F0703948,P002,923,0045,114.00
F0703948,P003,922,0045,4.00
F0703948,P003,924,0045,20.00
F1600491,P901,923,0045,59.00
F0703948,P001,923,0045,95.00
F1600491,P901,922,0045,20.00
F1700736,P601,922,0045,10.00
F1700736,P701,922,0045,11.00
F2300972,P101,922,0045,3.00
F2300972,P201,923,0045,55.00
F0501686,P001,923,0045,83.00
F0501686,P001,924,0045,6.00
F0701702,P001,922,0045,0.00
F0701702,P002,922,0045,22.00
F0703948,P002,922,0045,4.00
F0703948,P002,924,0045,20.00
F0703948,P003,923,0045,89.00
F2300972,P101,923,0045,80.00
F2300972,P201,924,0045,11.00
F2300972,P301,922,0045,3.00
F0501686,P001,922,0045,8.00
F0501686,P002,923,0045,67.00
F0701702,P002,923,0045,66.00
F0703948,P001,922,0045,5.00
F1700736,P601,923,0045,21.00
F1700736,P701,923,0045,13.00
F2300972,P101,924,0045,3.00
F2300972,P201,922,0045,4.00
F2300972,P301,924,0045,3.00
F2300972,P301,923,0045,60.00
F0501686,P001,911,0048,1.60
F0701702,P001,911,0048,1.10
F0703948,P001,911,0048,1.30
F0501686,P002,911,0048,1.40
F0703948,P002,911,0048,1.20
F0703948,P003,911,0048,1.60
F2300972,P101,911,0048,1.80
F2300972,P201,911,0048,2.20
F2300972,P301,911,0048,2.70
F1700736,P601,911,0048,3.00
F1700736,P701,911,0048,2.20
F0701702,P002,911,0048,7.20
F1600491,P901,911,0048,12.30
F0501686,P001,911,0054,1.60
F0701702,P001,911,0054,1.10
F0703948,P001,911,0054,1.30
F0501686,P002,911,0054,1.40
F0703948,P002,911,0054,1.20
F0703948,P003,911,0054,1.60
F2300972,P101,911,0054,1.80
F2300972,P201,911,0054,2.20
F2300972,P301,911,0054,2.60
F1700736,P601,911,0054,3.10
F1700736,P701,911,0054,2.30
F0701702,P002,911,0054,7.20
F1600491,P901,911,0054,12.30
F0501686,P001,922,0100,8.00
F0501686,P002,922,0100,14.00
F0501686,P002,923,0100,69.00
F0701702,P001,911,0100,1.10
F0701702,P001,923,0100,0.00
F0701702,P002,922,0100,22.00
F0703948,P001,922,0100,6.00
F0703948,P002,911,0100,1.20
F0703948,P002,923,0100,105.00
F1600491,P901,911,0100,12.30
F2300972,P101,911,0100,1.80
F0501686,P001,911,0100,1.50
F0501686,P001,923,0100,89.00
F0701702,P002,911,0100,7.80
F0703948,P001,923,0100,96.00
F0703948,P003,911,0100,1.70
F0703948,P003,923,0100,90.00
F1700736,P601,911,0100,3.10
F1700736,P701,911,0100,2.30
F2300972,P101,922,0100,3.00
F0501686,P002,911,0100,1.40
F0703948,P001,911,0100,1.40
F0703948,P002,922,0100,4.00
F0703948,P002,924,0100,19.00
F0703948,P003,922,0100,4.00
F0703948,P003,924,0100,20.00
F1600491,P901,923,0100,66.00
F1700736,P601,923,0100,21.00
F1700736,P701,922,0100,13.00
F2300972,P101,924,0100,2.00
F2300972,P201,911,0100,2.20
F2300972,P301,924,0100,7.00
F2300972,P201,924,0100,5.00
F0501686,P001,924,0100,2.00
F0501686,P002,924,0100,66.00
F0701702,P001,922,0100,0.00
F0701702,P002,923,0100,64.00
F0703948,P001,924,0100,11.00
F1600491,P901,922,0100,20.00
F1700736,P601,922,0100,10.00
F1700736,P701,923,0100,6.00
F2300972,P101,923,0100,89.00
F2300972,P201,922,0100,4.00
F2300972,P301,911,0100,2.60
F2300972,P201,923,0100,60.00
F2300972,P301,922,0100,4.00
F2300972,P301,923,0100,54.00
F0701702,P001,911,0106,1.10
F0703948,P002,911,0106,1.20
F1600491,P901,911,0106,12.40
F2300972,P101,911,0106,1.80
F0501686,P001,911,0106,1.60
F0701702,P002,911,0106,7.30
F0703948,P003,911,0106,1.60
F1700736,P601,911,0106,3.10
F1700736,P701,911,0106,2.40
F0501686,P002,911,0106,1.40
F0703948,P001,911,0106,1.30
F2300972,P201,911,0106,2.20
F2300972,P301,911,0106,2.70
F0701702,P001,911,0112,1.10
F0703948,P002,911,0112,1.20
F1600491,P901,911,0112,12.40
F2300972,P101,911,0112,1.80
F0501686,P001,911,0112,1.60
F0701702,P002,911,0112,7.20
F0703948,P003,911,0112,1.60
F1700736,P601,911,0112,3.10
F1700736,P701,911,0112,2.40
F0501686,P002,911,0112,1.40
F0703948,P001,911,0112,1.30
F2300972,P201,911,0112,2.20
F2300972,P301,911,0112,2.70
F0501686,P001,922,0115,9.00
F0501686,P002,922,0115,14.00
F0501686,P002,923,0115,75.00
F0701702,P001,923,0115,0.00
F0701702,P002,922,0115,21.00
F0703948,P001,922,0115,5.00
F0703948,P002,923,0115,110.00
F0501686,P001,923,0115,86.00
F0703948,P001,923,0115,96.00
F0703948,P003,923,0115,89.00
F2300972,P101,922,0115,3.00
F0703948,P002,922,0115,4.00
F0703948,P002,924,0115,20.00
F0703948,P003,922,0115,4.00
F0703948,P003,924,0115,20.00
F1600491,P901,923,0115,64.00
F1700736,P601,923,0115,21.00
F1700736,P701,922,0115,13.00
F2300972,P101,924,0115,2.00
F2300972,P301,924,0115,3.00
F2300972,P201,924,0115,3.00
F0501686,P001,924,0115,4.00
F0501686,P002,924,0115,33.00
F0701702,P001,922,0115,0.00
F0701702,P002,923,0115,64.00
F0703948,P001,924,0115,11.00
F1600491,P901,922,0115,21.00
F1700736,P601,922,0115,10.00
F1700736,P701,923,0115,12.00
F2300972,P101,923,0115,96.00
F2300972,P201,922,0115,3.00
F2300972,P201,923,0115,60.00
F2300972,P301,922,0115,4.00
F2300972,P301,923,0115,69.00
F0701702,P001,911,0118,1.10
F0703948,P002,911,0118,1.20
F1600491,P901,911,0118,12.40
F2300972,P101,911,0118,1.80
F0501686,P001,911,0118,1.60
F0701702,P002,911,0118,7.20
F0703948,P003,911,0118,1.60
F1700736,P601,911,0118,3.00
F1700736,P701,911,0118,2.50
F0501686,P002,911,0118,1.50
F0703948,P001,911,0118,1.30
F2300972,P201,911,0118,2.20
F2300972,P301,911,0118,2.70
F0701702,P001,911,0124,1.10
F0703948,P002,911,0124,1.20
F1600491,P901,911,0124,12.30
F2300972,P101,911,0124,1.80
F0501686,P001,911,0124,1.60
F0701702,P002,911,0124,7.20
F0703948,P003,911,0124,1.60
F1700736,P601,911,0124,3.10
F1700736,P701,911,0124,2.50
F0501686,P002,911,0124,1.40
F0703948,P001,911,0124,1.30
F2300972,P201,911,0124,2.10
F2300972,P301,911,0124,2.70
F0501686,P001,922,0130,9.00
F0501686,P002,922,0130,15.00
F0501686,P002,923,0130,94.00
F0701702,P001,911,0130,1.10
F0701702,P001,923,0130,0.00
F0701702,P002,922,0130,21.00
F0703948,P001,922,0130,5.00
F0703948,P002,911,0130,1.20
F0703948,P002,923,0130,112.00
F1600491,P901,911,0130,12.40
F0501686,P001,911,0130,1.60
F0501686,P001,923,0130,101.00
F0701702,P002,911,0130,7.70
F0703948,P001,923,0130,89.00
F0703948,P003,911,0130,1.70
F0703948,P003,923,0130,89.00
F1700736,P601,911,0130,3.10
F1700736,P701,911,0130,2.50
F0501686,P002,911,0130,1.40
F0703948,P001,911,0130,1.30
F0703948,P002,922,0130,4.00
F0703948,P002,924,0130,20.00
F0703948,P003,922,0130,3.00
F0703948,P003,924,0130,20.00
F1600491,P901,923,0130,59.00
F1700736,P601,923,0130,21.00
F1700736,P701,922,0130,13.00
F2300972,P101,924,0130,2.00
F2300972,P201,911,0130,2.10
F2300972,P101,922,0130,2.00
F2300972,P201,924,0130,3.00
F0501686,P001,924,0130,4.00
F0501686,P002,924,0130,3.00
F0701702,P001,922,0130,0.00
F0701702,P002,923,0130,65.00
F0703948,P001,924,0130,10.00
F1600491,P901,922,0130,22.00
F1700736,P601,922,0130,10.00
F1700736,P701,923,0130,25.00
F2300972,P101,923,0130,95.00
F2300972,P201,922,0130,3.00
F2300972,P301,911,0130,2.70
F2300972,P301,924,0130,2.00
F2300972,P101,911,0130,1.80
F2300972,P201,923,0130,59.00
F2300972,P301,922,0130,3.00
F2300972,P301,923,0130,71.00
F0701702,P001,911,0136,1.10
F0703948,P002,911,0136,1.20
F1600491,P901,911,0136,12.40
F0501686,P001,911,0136,1.60
F0701702,P002,911,0136,7.30
F0703948,P003,911,0136,1.60
F1700736,P601,911,0136,3.10
F1700736,P701,911,0136,2.40
F0501686,P002,911,0136,1.40
F0703948,P001,911,0136,1.30
F2300972,P201,911,0136,2.10
F2300972,P301,911,0136,2.70
F2300972,P101,911,0136,1.80
F0701702,P001,911,0142,1.10
F0703948,P002,911,0142,1.20
F1600491,P901,911,0142,12.40
F0501686,P001,911,0142,1.60
F0701702,P002,911,0142,7.20
F0703948,P003,911,0142,1.60
F1700736,P601,911,0142,3.10
F1700736,P701,911,0142,2.50
F0501686,P002,911,0142,1.50
F0703948,P001,911,0142,1.30
F2300972,P201,911,0142,2.10
F2300972,P301,911,0142,2.70
F2300972,P101,911,0142,1.80
F0501686,P001,922,0145,9.00
F0501686,P002,922,0145,13.00
F0501686,P002,923,0145,85.00
F0701702,P001,923,0145,0.00
F0701702,P002,922,0145,21.00
F0703948,P001,922,0145,5.00
F0703948,P002,923,0145,109.00
F0501686,P001,923,0145,100.00
F0703948,P001,923,0145,91.00
F0703948,P003,923,0145,89.00
F0703948,P002,922,0145,4.00
F0703948,P002,924,0145,19.00
F0703948,P003,922,0145,4.00
F0703948,P003,924,0145,20.00
F1600491,P901,923,0145,60.00
F1700736,P601,923,0145,20.00
F1700736,P701,922,0145,13.00
F2300972,P101,924,0145,2.00
F2300972,P101,922,0145,3.00
F2300972,P201,924,0145,3.00
F0501686,P001,924,0145,1.00
F0501686,P002,924,0145,13.00
F0701702,P001,922,0145,0.00
F0701702,P002,923,0145,65.00
F0703948,P001,924,0145,10.00
F1600491,P901,922,0145,24.00
F1700736,P601,922,0145,9.00
F1700736,P701,923,0145,25.00
F2300972,P101,923,0145,142.00
F2300972,P201,922,0145,3.00
F2300972,P301,924,0145,2.00
F2300972,P201,923,0145,66.00
F2300972,P301,922,0145,3.00
F2300972,P301,923,0145,58.00
F0701702,P001,911,0148,1.10
F0703948,P002,911,0148,1.20
F1600491,P901,911,0148,12.30
F0501686,P001,911,0148,1.60
F0701702,P002,911,0148,7.30
F0703948,P003,911,0148,1.60
F1700736,P601,911,0148,3.10
F1700736,P701,911,0148,2.40
F0501686,P002,911,0148,1.40
F0703948,P001,911,0148,1.40
F2300972,P201,911,0148,2.20
F2300972,P301,911,0148,2.50
F2300972,P101,911,0148,1.80
F0701702,P001,911,0154,1.10
F0703948,P002,911,0154,1.20
F1600491,P901,911,0154,12.30
F0501686,P001,911,0154,1.60
F0701702,P002,911,0154,7.20
F0703948,P003,911,0154,1.60
F1700736,P601,911,0154,3.10
F1700736,P701,911,0154,2.50
F0501686,P002,911,0154,1.40
F0703948,P001,911,0154,1.30
F2300972,P201,911,0154,2.10
F2300972,P301,911,0154,2.50
F2300972,P101,911,0154,1.80
F0501686,P001,922,0200,9.00
F0501686,P002,922,0200,13.00
F0501686,P002,923,0200,79.00
F0701702,P001,911,0200,1.10
F0701702,P001,923,0200,0.00
F0701702,P002,922,0200,23.00
F0703948,P001,911,0200,1.30
F0703948,P001,923,0200,92.00
F1700736,P601,911,0200,3.10
F2300972,P101,911,0200,1.80
F0501686,P001,911,0200,1.60
F0501686,P002,924,0200,2.00
F0701702,P002,911,0200,7.70
F0703948,P002,911,0200,1.20
F0703948,P002,923,0200,107.00
F0703948,P003,922,0200,4.00
F0703948,P003,924,0200,20.00
F1600491,P901,911,0200,12.30
F1700736,P701,922,0200,12.00
F2300972,P101,923,0200,121.00
F0501686,P001,923,0200,92.00
F0501686,P002,911,0200,1.40
F0701702,P002,923,0200,66.00
F0703948,P001,924,0200,11.00
F0703948,P002,922,0200,4.00
F0703948,P002,924,0200,19.00
F0703948,P003,923,0200,89.00
F1600491,P901,922,0200,24.00
F1700736,P601,922,0200,9.00
F1700736,P701,923,0200,23.00
F2300972,P101,924,0200,2.00
F2300972,P201,922,0200,4.00
F2300972,P301,911,0200,2.40
F2300972,P201,911,0200,2.00
F2300972,P301,923,0200,61.00
F2300972,P201,924,0200,2.00
F2300972,P301,924,0200,2.00
F0501686,P001,924,0200,2.00
F0701702,P001,922,0200,0.00
F0703948,P001,922,0200,5.00
F0703948,P003,911,0200,1.60
F1600491,P901,923,0200,54.00
F1700736,P601,923,0200,21.00
F1700736,P701,911,0200,2.40
F2300972,P101,922,0200,2.00
F2300972,P201,923,0200,65.00
F2300972,P301,922,0200,3.00
F0701702,P001,911,0206,1.10
F0703948,P001,911,0206,1.30
F1700736,P601,911,0206,3.10
F2300972,P101,911,0206,1.80
F0501686,P001,911,0206,1.60
F0701702,P002,911,0206,7.30
F0703948,P002,911,0206,1.20
F1600491,P901,911,0206,12.30
F0501686,P002,911,0206,1.40
F2300972,P301,911,0206,2.50
F2300972,P201,911,0206,2.10
F0703948,P003,911,0206,1.60
F1700736,P701,911,0206,2.40
F0701702,P001,911,0212,1.10
F0703948,P001,911,0212,1.30
F1700736,P601,911,0212,3.10
F2300972,P101,911,0212,1.80
F0501686,P001,911,0212,1.60
F0701702,P002,911,0212,7.20
F0703948,P002,911,0212,1.20
F1600491,P901,911,0212,12.30
F0501686,P002,911,0212,1.40
F2300972,P301,911,0212,2.50
F2300972,P201,911,0212,2.00
F0703948,P003,911,0212,1.60
F1700736,P701,911,0212,2.40
F0501686,P001,922,0215,9.00
F0501686,P002,922,0215,13.00
F0501686,P002,923,0215,79.00
F0701702,P001,923,0215,0.00
F0701702,P002,922,0215,22.00
F0703948,P001,923,0215,90.00
F0501686,P002,924,0215,4.00
F0703948,P002,923,0215,104.00
F0703948,P003,922,0215,4.00
F0703948,P003,924,0215,20.00
F1700736,P701,922,0215,13.00
F2300972,P101,923,0215,106.00
F0501686,P001,923,0215,91.00
F0701702,P002,923,0215,66.00
F0703948,P001,924,0215,10.00
F0703948,P002,922,0215,4.00
F0703948,P002,924,0215,19.00
F0703948,P003,923,0215,89.00
F1600491,P901,922,0215,25.00
F1700736,P601,922,0215,9.00
F1700736,P701,923,0215,22.00
F2300972,P101,924,0215,2.00
F2300972,P201,922,0215,3.00
F2300972,P301,923,0215,73.00
F2300972,P201,924,0215,3.00
F2300972,P301,924,0215,2.00
F0501686,P001,924,0215,4.00
F0701702,P001,922,0215,0.00
F0703948,P001,922,0215,5.00
F1600491,P901,923,0215,59.00
F1700736,P601,923,0215,20.00
F2300972,P101,922,0215,3.00
F2300972,P201,923,0215,59.00
F2300972,P301,922,0215,3.00
F0701702,P001,911,0218,1.10
F0703948,P001,911,0218,1.30
F1700736,P601,911,0218,3.10
F2300972,P101,911,0218,1.80
F0501686,P001,911,0218,1.60
F0701702,P002,911,0218,7.20
F0703948,P002,911,0218,1.20
F1600491,P901,911,0218,12.30
F0501686,P002,911,0218,1.40
F2300972,P301,911,0218,2.60
F2300972,P201,911,0218,2.10
F0703948,P003,911,0218,1.60
F1700736,P701,911,0218,2.40
F0701702,P001,911,0224,1.10
F0703948,P001,911,0224,1.20
F1700736,P601,911,0224,3.00
F2300972,P101,911,0224,1.80
F0501686,P001,911,0224,1.60
F0701702,P002,911,0224,7.20
F0703948,P002,911,0224,1.20
F1600491,P901,911,0224,12.30
F0501686,P002,911,0224,1.40
F2300972,P301,911,0224,2.50
F2300972,P201,911,0224,2.10
F0703948,P003,911,0224,1.60
F1700736,P701,911,0224,2.40
F0501686,P001,922,0230,8.00
F0501686,P002,922,0230,14.00
F0501686,P002,923,0230,89.00
F0701702,P001,911,0230,1.10
F0701702,P001,923,0230,0.00
F0701702,P002,922,0230,23.00
F0703948,P001,911,0230,1.30
F0703948,P001,923,0230,92.00
F1700736,P601,911,0230,3.00
F2300972,P101,911,0230,1.80
F0501686,P001,911,0230,1.60
F0501686,P002,924,0230,9.00
F0701702,P002,911,0230,7.70
F0703948,P002,911,0230,1.20
F0703948,P002,923,0230,106.00
F0703948,P003,922,0230,4.00
F0703948,P003,924,0230,20.00
F1600491,P901,911,0230,12.30
F1700736,P701,922,0230,13.00
F2300972,P101,923,0230,99.00
F0501686,P001,923,0230,98.00
F0501686,P002,911,0230,1.40
F0701702,P002,923,0230,71.00
F0703948,P001,924,0230,10.00
F0703948,P002,922,0230,4.00
F0703948,P002,924,0230,19.00
F0703948,P003,923,0230,89.00
F1600491,P901,922,0230,26.00
F1700736,P601,922,0230,9.00
F1700736,P701,923,0230,22.00
F2300972,P101,924,0230,2.00
F2300972,P201,922,0230,3.00
F2300972,P301,911,0230,2.50
F2300972,P201,911,0230,2.10
F2300972,P301,923,0230,68.00
F2300972,P201,924,0230,3.00
F2300972,P301,924,0230,2.00
F0501686,P001,924,0230,2.00
F0701702,P001,922,0230,0.00
F0703948,P001,922,0230,5.00
F0703948,P003,911,0230,1.60
F1600491,P901,923,0230,56.00
F1700736,P601,923,0230,20.00
F1700736,P701,911,0230,2.50
F2300972,P101,922,0230,4.00
F2300972,P201,923,0230,61.00
F2300972,P301,922,0230,3.00
F0701702,P001,911,0236,1.10
F0703948,P001,911,0236,1.40
F1700736,P601,911,0236,3.10
F2300972,P101,911,0236,1.80
F0501686,P001,911,0236,1.60
F0701702,P002,911,0236,7.30
F0703948,P002,911,0236,1.20
F1600491,P901,911,0236,12.30
F0501686,P002,911,0236,1.40
F2300972,P301,911,0236,2.50
F2300972,P201,911,0236,2.00
F0703948,P003,911,0236,1.60
F1700736,P701,911,0236,2.50
F0701702,P001,911,0242,1.10
F0703948,P001,911,0242,1.30
F1700736,P601,911,0242,3.10
F2300972,P101,911,0242,1.80
F0501686,P001,911,0242,1.60
F0701702,P002,911,0242,7.20
F0703948,P002,911,0242,1.20
F1600491,P901,911,0242,12.30
F0501686,P002,911,0242,1.40
F2300972,P301,911,0242,2.40
F2300972,P201,911,0242,2.10
F0703948,P003,911,0242,1.60
F1700736,P701,911,0242,2.40
F0501686,P001,922,0245,8.00
F0501686,P002,922,0245,15.00
F0501686,P002,923,0245,82.00
F0701702,P001,923,0245,0.00
F0701702,P002,922,0245,24.00
F0703948,P001,923,0245,92.00
F0501686,P002,924,0245,11.00
F0703948,P002,923,0245,108.00
F0703948,P003,922,0245,4.00
F0703948,P003,924,0245,20.00
F1700736,P701,922,0245,13.00
F2300972,P101,923,0245,89.00
F0501686,P001,923,0245,95.00
F0701702,P002,923,0245,63.00
F0703948,P001,924,0245,11.00
F0703948,P002,922,0245,4.00
F0703948,P002,924,0245,19.00
F0703948,P003,923,0245,89.00
F1600491,P901,922,0245,26.00
F1700736,P601,922,0245,9.00
F1700736,P701,923,0245,21.00
F2300972,P101,924,0245,2.00
F2300972,P201,922,0245,4.00
F2300972,P301,923,0245,59.00
F2300972,P201,924,0245,3.00
F2300972,P301,924,0245,2.00
F0501686,P001,924,0245,1.00
F0701702,P001,922,0245,0.00
F0703948,P001,922,0245,5.00
F1600491,P901,923,0245,47.00
F1700736,P601,923,0245,20.00
F2300972,P101,922,0245,4.00
F2300972,P201,923,0245,79.00
F2300972,P301,922,0245,3.00
F0701702,P001,911,0248,1.10
F0703948,P001,911,0248,1.30
F1700736,P601,911,0248,3.10
F2300972,P101,911,0248,1.80
F0501686,P001,911,0248,1.60
F0701702,P002,911,0248,7.20
F0703948,P002,911,0248,1.20
F1600491,P901,911,0248,12.50
F0501686,P002,911,0248,1.40
F2300972,P301,911,0248,2.40
F2300972,P201,911,0248,2.10
F0703948,P003,911,0248,1.60
F1700736,P701,911,0248,2.50
F0701702,P001,911,0254,1.10
F0703948,P001,911,0254,1.30
F1700736,P601,911,0254,3.10
F0501686,P001,911,0254,1.60
F0701702,P002,911,0254,7.20
F0703948,P002,911,0254,1.20
F1600491,P901,911,0254,12.50
F0501686,P002,911,0254,1.40
F2300972,P301,911,0254,2.50
F2300972,P101,911,0254,1.80
F2300972,P201,911,0254,2.10
F0703948,P003,911,0254,1.70
F1700736,P701,911,0254,2.50
F0501686,P001,923,0300,94.00
F0501686,P002,922,0300,14.00
F0501686,P002,924,0300,32.00
F0701702,P001,922,0300,0.00
F0701702,P002,923,0300,69.00
F0703948,P003,911,0300,1.60
F1600491,P901,911,0300,12.50
F1700736,P601,923,0300,20.00
F1700736,P701,922,0300,13.00
F2300972,P101,911,0300,1.80
F2300972,P201,911,0300,2.10
F0501686,P001,922,0300,8.00
F0701702,P002,911,0300,7.70
F0703948,P001,911,0300,1.30
F0703948,P001,924,0300,10.00
F0703948,P002,924,0300,19.00
F0703948,P003,922,0300,4.00
F1600491,P901,923,0300,55.00
F1700736,P701,911,0300,2.40
F2300972,P101,923,0300,98.00
F2300972,P301,911,0300,2.50
F0501686,P001,911,0300,1.60
F0501686,P001,924,0300,4.00
F0703948,P001,922,0300,5.00
F0703948,P002,922,0300,4.00
F0703948,P003,923,0300,90.00
F0703948,P003,924,0300,20.00
F1600491,P901,922,0300,27.00
F1700736,P601,911,0300,3.00
F1700736,P701,923,0300,21.00
F2300972,P101,922,0300,4.00
F2300972,P201,922,0300,3.00
F2300972,P201,923,0300,78.00
F2300972,P301,922,0300,4.00
F2300972,P301,924,0300,2.00
F0501686,P002,911,0300,1.40
F0501686,P002,923,0300,75.00
F0701702,P001,911,0300,1.10
F0701702,P001,923,0300,0.00
F0701702,P002,922,0300,21.00
F0703948,P001,923,0300,88.00
F0703948,P002,911,0300,1.20
F0703948,P002,923,0300,108.00
F1700736,P601,922,0300,9.00
F2300972,P101,924,0300,2.00
F2300972,P201,924,0300,2.00
F2300972,P301,923,0300,58.00
F0703948,P003,911,0306,1.60
F1600491,P901,911,0306,12.40
F2300972,P101,911,0306,1.80
F2300972,P201,911,0306,2.10
F0701702,P002,911,0306,7.30
F0703948,P001,911,0306,1.30
F1700736,P701,911,0306,2.40
F2300972,P301,911,0306,2.50
F0501686,P001,911,0306,1.60
F1700736,P601,911,0306,3.00
F0501686,P002,911,0306,1.40
F0701702,P001,911,0306,1.10
F0703948,P002,911,0306,1.20
F0703948,P003,911,0312,1.60
F1600491,P901,911,0312,12.30
F2300972,P101,911,0312,1.80
F2300972,P201,911,0312,2.10
F0701702,P002,911,0312,7.20
F0703948,P001,911,0312,1.30
F1700736,P701,911,0312,2.40
F2300972,P301,911,0312,2.50
F0501686,P001,911,0312,1.60
F1700736,P601,911,0312,3.10
F0501686,P002,911,0312,1.40
F0701702,P001,911,0312,1.10
F0703948,P002,911,0312,1.20
F0501686,P001,923,0315,89.00
F0501686,P002,922,0315,15.00
F0501686,P002,924,0315,19.00
F0701702,P001,922,0315,0.00
F0701702,P002,923,0315,63.00
F1700736,P601,923,0315,20.00
F1700736,P701,922,0315,13.00
F0501686,P001,922,0315,8.00
F0703948,P001,924,0315,11.00
F0703948,P002,924,0315,20.00
F0703948,P003,922,0315,3.00
F1600491,P901,923,0315,65.00
F2300972,P101,923,0315,92.00
F0501686,P001,924,0315,4.00
F0703948,P001,922,0315,5.00
F0703948,P002,922,0315,4.00
F0703948,P003,923,0315,89.00
F0703948,P003,924,0315,20.00
F1600491,P901,922,0315,25.00
F1700736,P701,923,0315,21.00
F2300972,P101,922,0315,5.00
F2300972,P201,922,0315,3.00
F2300972,P201,923,0315,73.00
F2300972,P301,922,0315,5.00
F2300972,P301,924,0315,5.00
F0501686,P002,923,0315,76.00
F0701702,P001,923,0315,0.00
F0701702,P002,922,0315,22.00
F0703948,P001,923,0315,92.00
F0703948,P002,923,0315,113.00
F1700736,P601,922,0315,9.00
F2300972,P101,924,0315,2.00
F2300972,P201,924,0315,2.00
F2300972,P301,923,0315,60.00
F0703948,P003,911,0318,1.60
F1600491,P901,911,0318,12.40
F2300972,P101,911,0318,1.80
F2300972,P201,911,0318,2.10
F0701702,P002,911,0318,7.20
F0703948,P001,911,0318,1.30
F1700736,P701,911,0318,2.40
F2300972,P301,911,0318,2.60
F0501686,P001,911,0318,1.60
F1700736,P601,911,0318,3.10
F0501686,P002,911,0318,1.40
F0701702,P001,911,0318,1.10
F0703948,P002,911,0318,1.20
F0703948,P003,911,0324,1.60
F1600491,P901,911,0324,12.40
F2300972,P101,911,0324,1.80
F2300972,P201,911,0324,2.00
F0701702,P002,911,0324,7.20
F0703948,P001,911,0324,1.40
F1700736,P701,911,0324,2.50
F2300972,P301,911,0324,2.50
F0501686,P001,911,0324,1.60
F1700736,P601,911,0324,3.10
F0501686,P002,911,0324,1.50
F0701702,P001,911,0324,1.10
F0703948,P002,911,0324,1.20
F0501686,P001,923,0330,98.00
F0501686,P002,922,0330,14.00
F0501686,P002,924,0330,28.00
F0701702,P001,922,0330,0.00
F0701702,P002,923,0330,63.00
F0703948,P003,911,0330,1.60
F1600491,P901,911,0330,12.40
F1700736,P601,923,0330,20.00
F1700736,P701,922,0330,13.00
F2300972,P101,911,0330,1.80
F2300972,P201,911,0330,2.10
F0501686,P001,922,0330,8.00
F0701702,P002,911,0330,7.60
F0703948,P001,911,0330,1.30
F0703948,P001,924,0330,10.00
F0703948,P002,924,0330,19.00
F0703948,P003,922,0330,4.00
F1600491,P901,923,0330,59.00
F1700736,P701,911,0330,2.40
F2300972,P101,923,0330,101.00
F2300972,P301,911,0330,2.50
F0501686,P001,911,0330,1.60
F0501686,P001,924,0330,5.00
F0703948,P001,922,0330,5.00
F0703948,P002,922,0330,4.00
F0703948,P003,923,0330,89.00
F0703948,P003,924,0330,20.00
F1600491,P901,922,0330,24.00
F1700736,P601,911,0330,3.10
F1700736,P701,923,0330,21.00
F2300972,P101,922,0330,3.00
F2300972,P201,922,0330,3.00
F2300972,P201,923,0330,69.00
F2300972,P301,922,0330,3.00
F2300972,P301,924,0330,2.00
F0501686,P002,911,0330,1.40
F0501686,P002,923,0330,74.00
F0701702,P001,911,0330,1.10
F0701702,P001,923,0330,0.00
F0701702,P002,922,0330,23.00
F0703948,P001,923,0330,91.00
F0703948,P002,911,0330,1.20
F0703948,P002,923,0330,105.00
F1700736,P601,922,0330,9.00
F2300972,P101,924,0330,2.00
F2300972,P201,924,0330,3.00
F2300972,P301,923,0330,76.00
F0703948,P003,911,0336,1.60
F1600491,P901,911,0336,12.40
F2300972,P101,911,0336,1.80
F0701702,P002,911,0336,7.30
F0703948,P001,911,0336,1.30
F1700736,P701,911,0336,2.40
F2300972,P301,911,0336,2.60
F0501686,P001,911,0336,1.60
F1700736,P601,911,0336,3.10
F0501686,P002,911,0336,1.40
F0701702,P001,911,0336,1.10
F0703948,P002,911,0336,1.20
F2300972,P201,911,0336,2.10
F0703948,P003,911,0342,1.60
F1600491,P901,911,0342,12.40
F2300972,P101,911,0342,1.80
F0701702,P002,911,0342,7.20
F0703948,P001,911,0342,1.30
F1700736,P701,911,0342,2.40
F2300972,P301,911,0342,2.40
F0501686,P001,911,0342,1.60
F1700736,P601,911,0342,3.00
F0501686,P002,911,0342,1.40
F0701702,P001,911,0342,1.10
F0703948,P002,911,0342,1.20
F2300972,P201,911,0342,2.10
F0501686,P001,923,0345,98.00
F0501686,P002,922,0345,23.00
F0501686,P002,924,0345,34.00
F0701702,P001,922,0345,0.00
F0701702,P002,923,0345,65.00
F1700736,P601,923,0345,21.00
F1700736,P701,922,0345,13.00
F0501686,P001,922,0345,8.00
F0703948,P001,924,0345,10.00
F0703948,P002,924,0345,19.00
F0703948,P003,922,0345,4.00
F1600491,P901,923,0345,50.00
F2300972,P101,923,0345,99.00
F0501686,P001,924,0345,3.00
F0703948,P001,922,0345,5.00
F0703948,P002,922,0345,4.00
F0703948,P003,923,0345,89.00
F0703948,P003,924,0345,20.00
F1600491,P901,922,0345,24.00
F1700736,P701,923,0345,21.00
F2300972,P101,922,0345,3.00
F2300972,P201,922,0345,3.00
F2300972,P201,923,0345,69.00
F2300972,P301,922,0345,4.00
F2300972,P301,924,0345,2.00
F0501686,P002,923,0345,77.00
F0701702,P001,923,0345,0.00
F0701702,P002,922,0345,21.00
F0703948,P001,923,0345,89.00
F0703948,P002,923,0345,105.00
F1700736,P601,922,0345,9.00
F2300972,P101,924,0345,2.00
F2300972,P201,924,0345,3.00
F2300972,P301,923,0345,74.00
F0703948,P003,911,0348,1.60
F1600491,P901,911,0348,12.30
F2300972,P101,911,0348,1.80
F0701702,P002,911,0348,7.20
F0703948,P001,911,0348,1.30
F1700736,P701,911,0348,2.50
F2300972,P301,911,0348,2.50
F0501686,P001,911,0348,1.60
F1700736,P601,911,0348,3.00
F0501686,P002,911,0348,1.40
F0701702,P001,911,0348,1.10
F0703948,P002,911,0348,1.20
F2300972,P201,911,0348,2.10
F0703948,P003,911,0354,1.60
F1600491,P901,911,0354,12.40
F2300972,P101,911,0354,1.80
F0701702,P002,911,0354,7.20
F0703948,P001,911,0354,1.30
F1700736,P701,911,0354,2.50
F2300972,P301,911,0354,2.40
F0501686,P001,911,0354,1.60
F1700736,P601,911,0354,3.10
F0501686,P002,911,0354,1.40
F0701702,P001,911,0354,1.10
F0703948,P002,911,0354,1.20
F2300972,P201,911,0354,2.00
F0501686,P001,911,0400,1.60
F0501686,P001,923,0400,98.00
F0501686,P001,924,0400,2.00
F0501686,P002,922,0400,14.00
F0501686,P002,924,0400,8.00
F0701702,P001,911,0400,1.10
F0701702,P001,923,0400,0.00
F0701702,P002,922,0400,22.00
F0703948,P001,923,0400,87.00
F0703948,P002,911,0400,1.20
F0703948,P002,923,0400,103.00
F1600491,P901,923,0400,62.00
F0501686,P002,911,0400,1.40
F0501686,P002,923,0400,84.00
F0701702,P001,922,0400,0.00
F0701702,P002,923,0400,70.00
F0703948,P001,924,0400,10.00
F0703948,P002,922,0400,4.00
F0703948,P002,924,0400,18.00
F0703948,P003,922,0400,4.00
F0703948,P003,924,0400,20.00
F1700736,P601,911,0400,3.10
F1700736,P701,922,0400,13.00
F2300972,P101,922,0400,3.00
F2300972,P201,924,0400,3.00
F0701702,P002,911,0400,7.60
F0703948,P001,922,0400,5.00
F0703948,P003,911,0400,1.60
F0703948,P003,923,0400,89.00
F1600491,P901,922,0400,24.00
F1700736,P601,922,0400,9.00
F2300972,P101,924,0400,2.00
F2300972,P201,911,0400,2.00
F2300972,P201,923,0400,74.00
F2300972,P301,911,0400,2.40
F1700736,P701,911,0400,2.40
F2300972,P101,911,0400,1.80
F2300972,P301,923,0400,68.00
F0501686,P001,922,0400,8.00
F0703948,P001,911,0400,1.30
F1600491,P901,911,0400,12.40
F1700736,P601,923,0400,21.00
F1700736,P701,923,0400,20.00
F2300972,P101,923,0400,85.00
F2300972,P201,922,0400,3.00
F2300972,P301,924,0400,2.00
F2300972,P301,922,0400,4.00
F0501686,P001,911,0406,1.60
F0701702,P001,911,0406,1.20
F0703948,P002,911,0406,1.20
F0501686,P002,911,0406,1.40
F1700736,P601,911,0406,3.10
F0701702,P002,911,0406,7.30
F0703948,P003,911,0406,1.60
F2300972,P201,911,0406,2.10
F2300972,P301,911,0406,2.60
F1700736,P701,911,0406,2.50
F2300972,P101,911,0406,1.80
F0703948,P001,911,0406,1.40
F1600491,P901,911,0406,12.40
F0501686,P001,911,0412,1.60
F0701702,P001,911,0412,1.10
F0703948,P002,911,0412,1.20
F0501686,P002,911,0412,1.40
F1700736,P601,911,0412,3.20
F0701702,P002,911,0412,7.30
F0703948,P003,911,0412,1.60
F2300972,P201,911,0412,2.20
F2300972,P301,911,0412,3.00
F1700736,P701,911,0412,2.40
F2300972,P101,911,0412,1.80
F0703948,P001,911,0412,1.40
F1600491,P901,911,0412,12.40
F0501686,P001,923,0415,104.00
F0501686,P001,924,0415,2.00
F0501686,P002,922,0415,14.00
F0501686,P002,924,0415,6.00
F0701702,P001,923,0415,0.00
F0701702,P002,922,0415,23.00
F0703948,P001,923,0415,87.00
F0703948,P002,923,0415,109.00
F0501686,P002,923,0415,84.00
F0701702,P001,922,0415,0.00
F0701702,P002,923,0415,59.00
F0703948,P001,924,0415,10.00
F0703948,P002,922,0415,4.00
F0703948,P002,924,0415,20.00
F0703948,P003,922,0415,4.00
F0703948,P003,924,0415,20.00
F1700736,P701,922,0415,13.00
F2300972,P101,922,0415,4.00
F2300972,P201,924,0415,3.00
F0703948,P001,922,0415,5.00
F0703948,P003,923,0415,89.00
F1600491,P901,922,0415,23.00
F1700736,P601,922,0415,9.00
F2300972,P101,924,0415,3.00
F2300972,P201,923,0415,66.00
F1600491,P901,923,0415,59.00
F2300972,P301,923,0415,55.00
F0501686,P001,922,0415,9.00
F1700736,P601,923,0415,20.00
F1700736,P701,923,0415,21.00
F2300972,P101,923,0415,73.00
F2300972,P201,922,0415,3.00
F2300972,P301,924,0415,12.00
F2300972,P301,922,0415,6.00
F0501686,P001,911,0418,1.60
F0701702,P001,911,0418,1.10
F0703948,P002,911,0418,1.20
F0501686,P002,911,0418,1.40
F1700736,P601,911,0418,3.10
F0701702,P002,911,0418,7.30
F0703948,P003,911,0418,1.60
F2300972,P201,911,0418,2.10
F2300972,P301,911,0418,2.90
F1700736,P701,911,0418,2.50
F2300972,P101,911,0418,1.80
F0703948,P001,911,0418,1.30
F1600491,P901,911,0418,12.30
F0501686,P001,911,0424,1.60
F0701702,P001,911,0424,1.20
F0703948,P002,911,0424,1.20
F0501686,P002,911,0424,1.40
F1700736,P601,911,0424,3.10
F0701702,P002,911,0424,7.30
F0703948,P003,911,0424,1.60
F2300972,P201,911,0424,2.10
F2300972,P301,911,0424,2.80
F1700736,P701,911,0424,2.50
F2300972,P101,911,0424,1.80
F0703948,P001,911,0424,1.30
F1600491,P901,911,0424,12.40
F0501686,P001,911,0430,1.60
F0501686,P001,923,0430,101.00
F0501686,P001,924,0430,2.00
F0501686,P002,922,0430,14.00
F0501686,P002,924,0430,2.00
F0701702,P001,911,0430,1.20
F0701702,P001,923,0430,0.00
F0701702,P002,922,0430,23.00
F0703948,P001,923,0430,98.00
F0703948,P002,911,0430,1.20
F0703948,P002,923,0430,86.00
F0501686,P002,911,0430,1.40
F0501686,P002,923,0430,96.00
F0701702,P001,922,0430,0.00
F0701702,P002,923,0430,66.00
F0703948,P001,924,0430,13.00
F0703948,P002,922,0430,3.00
F0703948,P002,924,0430,13.00
F0703948,P003,922,0430,4.00
F0703948,P003,924,0430,21.00
F1700736,P601,911,0430,3.20
F1700736,P701,922,0430,13.00
F2300972,P101,922,0430,3.00
F2300972,P201,924,0430,3.00
F0701702,P002,911,0430,7.50
F0703948,P001,922,0430,5.00
F0703948,P003,911,0430,1.60
F0703948,P003,923,0430,92.00
F1600491,P901,922,0430,24.00
F1700736,P601,922,0430,9.00
F2300972,P101,924,0430,2.00
F2300972,P201,911,0430,2.10
F2300972,P201,923,0430,74.00
F2300972,P301,911,0430,2.60
F1600491,P901,923,0430,60.00
F1700736,P701,911,0430,2.40
F2300972,P101,911,0430,1.80
F2300972,P301,923,0430,47.00
F0501686,P001,922,0430,8.00
F0703948,P001,911,0430,1.30
F1600491,P901,911,0430,12.30
F1700736,P601,923,0430,21.00
F1700736,P701,923,0430,21.00
F2300972,P101,923,0430,85.00
F2300972,P201,922,0430,3.00
F2300972,P301,924,0430,44.00
F2300972,P301,922,0430,4.00
F0501686,P001,911,0436,1.60
F0701702,P001,911,0436,1.20
F0703948,P002,911,0436,1.20
F0501686,P002,911,0436,1.50
F1700736,P601,911,0436,3.10
F0701702,P002,911,0436,7.30
F0703948,P003,911,0436,1.60
F2300972,P201,911,0436,2.10
F2300972,P301,911,0436,2.50
F1700736,P701,911,0436,2.50
F2300972,P101,911,0436,1.80
F0703948,P001,911,0436,1.30
F1600491,P901,911,0436,12.30
F0501686,P001,911,0442,1.60
F0701702,P001,911,0442,1.20
F0703948,P002,911,0442,1.20
F0501686,P002,911,0442,1.40
F1700736,P601,911,0442,3.10
F0701702,P002,911,0442,7.20
F0703948,P003,911,0442,1.60
F2300972,P201,911,0442,2.10
F2300972,P301,911,0442,2.40
F1700736,P701,911,0442,2.50
F2300972,P101,911,0442,1.80
F0703948,P001,911,0442,1.30
F1600491,P901,911,0442,12.40
F0501686,P001,923,0445,96.00
F0501686,P001,924,0445,1.00
F0501686,P002,922,0445,14.00
F0501686,P002,924,0445,2.00
F0701702,P001,923,0445,0.00
F0701702,P002,922,0445,23.00
F0703948,P001,923,0445,111.00
F0703948,P002,923,0445,76.00
F0501686,P002,923,0445,92.00
F0701702,P001,922,0445,0.00
F0701702,P002,923,0445,68.00
F0703948,P001,924,0445,15.00
F0703948,P002,922,0445,3.00
F0703948,P002,924,0445,10.00
F0703948,P003,922,0445,4.00
F0703948,P003,924,0445,21.00
F1700736,P701,922,0445,13.00
F2300972,P101,922,0445,4.00
F2300972,P201,924,0445,2.00
F0703948,P001,922,0445,6.00
F0703948,P003,923,0445,93.00
F1600491,P901,922,0445,25.00
F1700736,P601,922,0445,10.00
F2300972,P101,924,0445,2.00
F2300972,P201,923,0445,69.00
F1600491,P901,923,0445,57.00
F2300972,P301,923,0445,51.00
F0501686,P001,922,0445,7.00
F1700736,P601,923,0445,20.00
F1700736,P701,923,0445,20.00
F2300972,P101,923,0445,90.00
F2300972,P201,922,0445,3.00
F2300972,P301,924,0445,41.00
F2300972,P301,922,0445,8.00
F0501686,P001,911,0448,1.60
F0701702,P001,911,0448,1.20
F0703948,P002,911,0448,1.20
F0501686,P002,911,0448,1.40
F1700736,P601,911,0448,3.20
F0701702,P002,911,0448,7.20
F0703948,P003,911,0448,1.60
F2300972,P201,911,0448,2.10
F2300972,P301,911,0448,2.60
F1700736,P701,911,0448,2.40
F2300972,P101,911,0448,1.80
F0703948,P001,911,0448,1.30
F1600491,P901,911,0448,12.30
F0501686,P001,911,0454,1.60
F0701702,P001,911,0454,1.10
F0703948,P002,911,0454,1.20
F0501686,P002,911,0454,1.40
F1700736,P601,911,0454,3.10
F0701702,P002,911,0454,7.20
F0703948,P003,911,0454,1.60
F2300972,P201,911,0454,2.10
F2300972,P301,911,0454,2.60
F1700736,P701,911,0454,2.40
F2300972,P101,911,0454,1.80
F0703948,P001,911,0454,1.40
F1600491,P901,911,0454,12.30
F0501686,P001,922,0500,8.00
F0501686,P001,924,0500,1.00
F0501686,P002,922,0500,14.00
F0501686,P002,923,0500,88.00
F0701702,P001,911,0500,1.20
F0701702,P001,923,0500,0.00
F0701702,P002,922,0500,23.00
F0703948,P001,922,0500,5.00
F0703948,P002,922,0500,3.00
F0703948,P003,911,0500,1.60
F1700736,P601,911,0500,3.10
F1700736,P701,923,0500,20.00
F0501686,P001,911,0500,1.60
F0501686,P001,923,0500,90.00
F0501686,P002,911,0500,1.40
F0701702,P001,922,0500,0.00
F0701702,P002,923,0500,61.00
F0703948,P001,924,0500,14.00
F0703948,P002,924,0500,11.00
F0703948,P003,922,0500,4.00
F0703948,P003,924,0500,21.00
F1600491,P901,911,0500,12.30
F2300972,P101,911,0500,1.80
F2300972,P101,924,0500,2.00
F2300972,P201,922,0500,4.00
F2300972,P301,911,0500,2.60
F2300972,P201,911,0500,2.10
F2300972,P301,923,0500,54.00
F0501686,P002,924,0500,1.00
F0703948,P001,923,0500,102.00
F0703948,P002,911,0500,1.20
F0703948,P002,923,0500,75.00
F0703948,P003,923,0500,93.00
F1600491,P901,923,0500,61.00
F1700736,P601,923,0500,20.00
F1700736,P701,922,0500,13.00
F2300972,P101,923,0500,89.00
F2300972,P201,924,0500,4.00
F2300972,P301,922,0500,5.00
F0701702,P002,911,0500,7.50
F0703948,P001,911,0500,1.40
F1600491,P901,922,0500,25.00
F1700736,P601,922,0500,10.00
F1700736,P701,911,0500,2.40
F2300972,P101,922,0500,4.00
F2300972,P201,923,0500,71.00
F2300972,P301,924,0500,47.00
F0701702,P001,911,0506,1.20
F0703948,P003,911,0506,1.60
F1700736,P601,911,0506,3.20
F0501686,P001,911,0506,1.60
F0501686,P002,911,0506,1.40
F1600491,P901,911,0506,12.30
F2300972,P101,911,0506,1.80
F2300972,P301,911,0506,2.50
F2300972,P201,911,0506,2.10
F0703948,P002,911,0506,1.20
F0701702,P002,911,0506,7.30
F0703948,P001,911,0506,1.40
F1700736,P701,911,0506,2.50
F0701702,P001,911,0512,1.10
F0703948,P003,911,0512,1.60
F1700736,P601,911,0512,3.20
F0501686,P001,911,0512,1.60
F0501686,P002,911,0512,1.40
F1600491,P901,911,0512,12.30
F2300972,P101,911,0512,1.80
F2300972,P301,911,0512,2.50
F2300972,P201,911,0512,2.30
F0703948,P002,911,0512,1.20
F0701702,P002,911,0512,7.20
F0703948,P001,911,0512,1.30
F1700736,P701,911,0512,2.50
F0501686,P001,922,0515,7.00
F0501686,P001,924,0515,1.00
F0501686,P002,922,0515,13.00
F0501686,P002,923,0515,75.00
F0701702,P001,923,0515,0.00
F0701702,P002,922,0515,23.00
F0703948,P001,922,0515,6.00
F0703948,P002,922,0515,3.00
F0501686,P001,923,0515,96.00
F0701702,P001,922,0515,0.00
F0701702,P002,923,0515,63.00
F0703948,P001,924,0515,15.00
F0703948,P002,924,0515,10.00
F0703948,P003,922,0515,4.00
F0703948,P003,924,0515,21.00
F1700736,P701,923,0515,21.00
F2300972,P101,924,0515,0.00
F2300972,P201,922,0515,4.00
F2300972,P301,923,0515,58.00
F0501686,P002,924,0515,14.00
F0703948,P001,923,0515,111.00
F0703948,P002,923,0515,75.00
F0703948,P003,923,0515,93.00
F1600491,P901,923,0515,61.00
F1700736,P601,923,0515,20.00
F1700736,P701,922,0515,13.00
F2300972,P101,923,0515,0.00
F2300972,P201,924,0515,3.00
F2300972,P301,922,0515,4.00
F1600491,P901,922,0515,24.00
F1700736,P601,922,0515,10.00
F2300972,P101,922,0515,0.00
F2300972,P201,923,0515,76.00
F2300972,P301,924,0515,21.00
F0701702,P001,911,0518,1.10
F0703948,P003,911,0518,1.60
F1700736,P601,911,0518,3.10
F0501686,P001,911,0518,1.60
F0501686,P002,911,0518,1.40
F1600491,P901,911,0518,12.30
F2300972,P101,911,0518,1.80
F2300972,P301,911,0518,2.50
F2300972,P201,911,0518,2.10
F0703948,P002,911,0518,1.20
F0701702,P002,911,0518,7.20
F0703948,P001,911,0518,1.30
F1700736,P701,911,0518,2.50
F0701702,P001,911,0524,1.20
F0703948,P003,911,0524,1.70
F1700736,P601,911,0524,3.20
F0501686,P001,911,0524,1.60
F0501686,P002,911,0524,1.40
F1600491,P901,911,0524,12.30
F2300972,P101,911,0524,1.80
F2300972,P301,911,0524,2.50
F2300972,P201,911,0524,2.10
F0703948,P002,911,0524,1.20
F0701702,P002,911,0524,7.30
F0703948,P001,911,0524,1.30
F1700736,P701,911,0524,2.50
F0501686,P001,922,0530,7.00
F0501686,P001,924,0530,1.00
F0501686,P002,922,0530,14.00
F0501686,P002,923,0530,83.00
F0701702,P001,911,0530,1.20
F0701702,P001,923,0530,0.00
F0701702,P002,922,0530,23.00
F0703948,P001,922,0530,7.00
F0703948,P002,922,0530,3.00
F0703948,P003,911,0530,1.60
F1700736,P601,911,0530,3.20
F0501686,P001,911,0530,1.60
F0501686,P001,923,0530,108.00
F0501686,P002,911,0530,1.40
F0701702,P001,922,0530,0.00
F0701702,P002,923,0530,67.00
F0703948,P001,924,0530,16.00
F0703948,P002,924,0530,11.00
F0703948,P003,922,0530,4.00
F0703948,P003,924,0530,21.00
F1600491,P901,911,0530,12.30
F2300972,P101,911,0530,1.80
F1700736,P701,923,0530,21.00
F2300972,P101,924,0530,2.00
F2300972,P201,922,0530,4.00
F2300972,P301,911,0530,2.60
F2300972,P201,911,0530,2.10
F2300972,P301,923,0530,51.00
F0501686,P002,924,0530,11.00
F0703948,P001,923,0530,117.00
F0703948,P002,911,0530,1.20
F0703948,P002,923,0530,79.00
F0703948,P003,923,0530,93.00
F1600491,P901,923,0530,58.00
F1700736,P601,923,0530,21.00
F1700736,P701,922,0530,13.00
F2300972,P101,923,0530,90.00
F2300972,P201,924,0530,3.00
F2300972,P301,922,0530,7.00
F0701702,P002,911,0530,7.50
F0703948,P001,911,0530,1.30
F1600491,P901,922,0530,23.00
F1700736,P601,922,0530,10.00
F1700736,P701,911,0530,2.50
F2300972,P101,922,0530,3.00
F2300972,P201,923,0530,69.00
F2300972,P301,924,0530,39.00
F0701702,P001,911,0536,1.20
F0703948,P003,911,0536,1.60
F1700736,P601,911,0536,3.00
F0501686,P001,911,0536,1.60
F0501686,P002,911,0536,1.40
F1600491,P901,911,0536,12.30
F2300972,P301,911,0536,2.60
F2300972,P101,911,0536,1.80
F2300972,P201,911,0536,2.10
F0703948,P002,911,0536,1.20
F0701702,P002,911,0536,7.30
F0703948,P001,911,0536,1.40
F1700736,P701,911,0536,2.40
F0701702,P001,911,0542,1.10
F0703948,P003,911,0542,1.60
F1700736,P601,911,0542,3.10
F0501686,P001,911,0542,1.60
F0501686,P002,911,0542,1.40
F1600491,P901,911,0542,12.30
F2300972,P301,911,0542,2.60
F2300972,P101,911,0542,1.80
F2300972,P201,911,0542,2.10
F0703948,P002,911,0542,1.20
F0701702,P002,911,0542,7.20
F0703948,P001,911,0542,1.40
F1700736,P701,911,0542,2.40
F0501686,P001,922,0545,7.00
F0501686,P001,924,0545,1.00
F0501686,P002,922,0545,13.00
F0501686,P002,923,0545,74.00
F0701702,P001,923,0545,0.00
F0701702,P002,922,0545,21.00
F0703948,P001,922,0545,6.00
F0703948,P002,922,0545,3.00
F0501686,P001,923,0545,100.00
F0701702,P001,922,0545,0.00
F0701702,P002,923,0545,71.00
F0703948,P001,924,0545,16.00
F0703948,P002,924,0545,10.00
F0703948,P003,922,0545,3.00
F0703948,P003,924,0545,21.00
F1700736,P701,923,0545,20.00
F2300972,P101,924,0545,2.00
F2300972,P201,922,0545,4.00
F2300972,P301,923,0545,61.00
F0501686,P002,924,0545,17.00
F0703948,P001,923,0545,117.00
F0703948,P002,923,0545,78.00
F0703948,P003,923,0545,93.00
F1600491,P901,923,0545,61.00
F1700736,P601,923,0545,21.00
F1700736,P701,922,0545,13.00
F2300972,P101,923,0545,82.00
F2300972,P201,924,0545,3.00
F2300972,P301,922,0545,7.00
F1600491,P901,922,0545,24.00
F1700736,P601,922,0545,10.00
F2300972,P101,922,0545,5.00
F2300972,P201,923,0545,75.00
F2300972,P301,924,0545,29.00
F0701702,P001,911,0548,1.10
F0703948,P003,911,0548,1.60
F1700736,P601,911,0548,3.10
F0501686,P001,911,0548,1.60
F0501686,P002,911,0548,1.40
F1600491,P901,911,0548,12.30
F2300972,P301,911,0548,2.60
F2300972,P101,911,0548,1.80
F2300972,P201,911,0548,2.30
F0703948,P002,911,0548,1.20
F0701702,P002,911,0548,7.30
F0703948,P001,911,0548,1.40
F1700736,P701,911,0548,2.40
F0701702,P001,911,0554,1.20
F0703948,P003,911,0554,1.60
F1700736,P601,911,0554,3.10
F0501686,P001,911,0554,1.50
F0501686,P002,911,0554,1.40
F1600491,P901,911,0554,12.30
F2300972,P301,911,0554,2.70
F2300972,P101,911,0554,1.80
F2300972,P201,911,0554,2.20
F0703948,P002,911,0554,1.20
F0701702,P002,911,0554,7.20
F0703948,P001,911,0554,1.40
F1700736,P701,911,0554,2.50
F0501686,P001,923,0600,101.00
F0501686,P002,922,0600,14.00
F0501686,P002,923,0600,81.00
F0701702,P002,911,0600,7.50
F0703948,P001,923,0600,119.00
F0703948,P002,911,0600,1.20
F0703948,P002,923,0600,78.00
F1600491,P901,923,0600,60.00
F2300972,P101,911,0600,1.80
F2300972,P201,911,0600,2.10
F0501686,P001,911,0600,1.50
F0501686,P002,911,0600,1.40
F0703948,P001,911,0600,1.40
F0703948,P003,922,0600,4.00
F0703948,P003,924,0600,21.00
F1600491,P901,911,0600,12.30
F1700736,P601,923,0600,21.00
F1700736,P701,922,0600,13.00
F2300972,P101,922,0600,4.00
F2300972,P201,923,0600,74.00
F0501686,P001,922,0600,7.00
F0501686,P001,924,0600,2.00
F0701702,P001,911,0600,1.20
F0701702,P002,923,0600,61.00
F0703948,P001,924,0600,17.00
F0703948,P003,911,0600,1.60
F0703948,P003,923,0600,93.00
F1600491,P901,922,0600,25.00
F1700736,P601,922,0600,10.00
F1700736,P701,923,0600,20.00
F2300972,P101,924,0600,2.00
F2300972,P201,922,0600,3.00
F2300972,P301,911,0600,2.50
F0501686,P002,924,0600,16.00
F0701702,P001,922,0600,0.00
F0701702,P001,923,0600,0.00
F0701702,P002,922,0600,22.00
F0703948,P001,922,0600,7.00
F0703948,P002,922,0600,3.00
F0703948,P002,924,0600,10.00
F1700736,P601,911,0600,3.10
F1700736,P701,911,0600,2.40
F2300972,P101,923,0600,89.00
F2300972,P201,924,0600,3.00
F2300972,P301,922,0600,5.00
F2300972,P301,924,0600,3.00
F2300972,P301,923,0600,70.00
F0701702,P002,911,0606,7.30
F0703948,P002,911,0606,1.20
F2300972,P101,911,0606,1.80
F2300972,P201,911,0606,2.20
F0501686,P001,911,0606,1.50
F0501686,P002,911,0606,1.40
F0703948,P001,911,0606,1.30
F1600491,P901,911,0606,12.30
F0701702,P001,911,0606,1.20
F0703948,P003,911,0606,1.60
F2300972,P301,911,0606,2.50
F1700736,P601,911,0606,3.20
F1700736,P701,911,0606,2.50
F0701702,P002,911,0612,7.30
F0703948,P002,911,0612,1.20
F2300972,P101,911,0612,1.80
F2300972,P201,911,0612,2.20
F0501686,P001,911,0612,1.50
F0501686,P002,911,0612,1.40
F0703948,P001,911,0612,1.30
F1600491,P901,911,0612,12.30
F0701702,P001,911,0612,1.20
F0703948,P003,911,0612,1.60
F2300972,P301,911,0612,2.40
F1700736,P601,911,0612,3.10
F1700736,P701,911,0612,2.50
F0501686,P001,923,0615,90.00
F0501686,P002,922,0615,14.00
F0501686,P002,923,0615,82.00
F0703948,P001,923,0615,117.00
F0703948,P002,923,0615,77.00
F1600491,P901,923,0615,59.00
F0703948,P003,922,0615,4.00
F0703948,P003,924,0615,21.00
F1700736,P601,923,0615,20.00
F1700736,P701,922,0615,13.00
F2300972,P101,922,0615,4.00
F2300972,P201,923,0615,84.00
F0501686,P001,922,0615,7.00
F0501686,P001,924,0615,1.00
F0701702,P002,923,0615,69.00
F0703948,P001,924,0615,16.00
F0703948,P003,923,0615,93.00
F1600491,P901,922,0615,25.00
F1700736,P601,922,0615,10.00
F1700736,P701,923,0615,20.00
F2300972,P101,924,0615,2.00
F2300972,P201,922,0615,2.00
F0501686,P002,924,0615,10.00
F0701702,P001,922,0615,0.00
F0701702,P001,923,0615,0.00
F0701702,P002,922,0615,22.00
F0703948,P001,922,0615,7.00
F0703948,P002,922,0615,3.00
F0703948,P002,924,0615,11.00
F2300972,P101,923,0615,86.00
F2300972,P201,924,0615,3.00
F2300972,P301,922,0615,4.00
F2300972,P301,924,0615,2.00
F2300972,P301,923,0615,67.00
F0701702,P002,911,0618,7.30
F0703948,P002,911,0618,1.20
F2300972,P101,911,0618,1.80
F2300972,P201,911,0618,2.20
F0501686,P001,911,0618,1.50
F0501686,P002,911,0618,1.40
F0703948,P001,911,0618,1.30
F1600491,P901,911,0618,12.30
F0701702,P001,911,0618,1.20
F0703948,P003,911,0618,1.60
F1700736,P601,911,0618,3.20
F1700736,P701,911,0618,2.50
F2300972,P301,911,0618,2.40
F0701702,P002,911,0624,7.20
F0703948,P002,911,0624,1.20
F2300972,P101,911,0624,1.80
F2300972,P201,911,0624,2.30
F0501686,P001,911,0624,1.50
F0501686,P002,911,0624,1.40
F0703948,P001,911,0624,1.30
F1600491,P901,911,0624,12.30
F0701702,P001,911,0624,1.20
F0703948,P003,911,0624,1.60
F1700736,P601,911,0624,3.10
F1700736,P701,911,0624,2.50
F2300972,P301,911,0624,2.50
F0501686,P001,923,0630,94.00
F0501686,P002,922,0630,14.00
F0501686,P002,923,0630,85.00
F0701702,P002,911,0630,7.50
F0703948,P001,923,0630,113.00
F0703948,P002,911,0630,1.20
F0703948,P002,923,0630,80.00
F1600491,P901,923,0630,56.00
F2300972,P101,911,0630,1.80
F2300972,P201,911,0630,2.10
F0501686,P001,911,0630,1.50
F0501686,P002,911,0630,1.40
F0703948,P001,911,0630,0.00
F0703948,P003,922,0630,4.00
F0703948,P003,924,0630,21.00
F1600491,P901,911,0630,12.30
F1700736,P601,923,0630,20.00
F1700736,P701,922,0630,13.00
F2300972,P101,922,0630,4.00
F2300972,P201,923,0630,71.00
F0501686,P001,922,0630,8.00
F0501686,P001,924,0630,2.00
F0701702,P001,911,0630,1.10
F0701702,P002,923,0630,58.00
F0703948,P001,924,0630,16.00
F0703948,P003,911,0630,1.60
F0703948,P003,923,0630,93.00
F1600491,P901,922,0630,23.00
F1700736,P601,922,0630,10.00
F1700736,P701,923,0630,20.00
F2300972,P101,924,0630,2.00
F2300972,P201,922,0630,4.00
F0501686,P002,924,0630,3.00
F0701702,P001,922,0630,0.00
F0701702,P001,923,0630,0.00
F0701702,P002,922,0630,21.00
F0703948,P001,922,0630,6.00
F0703948,P002,922,0630,3.00
F0703948,P002,924,0630,11.00
F1700736,P601,911,0630,3.10
F1700736,P701,911,0630,2.50
F2300972,P101,923,0630,80.00
F2300972,P201,924,0630,4.00
F2300972,P301,922,0630,5.00
F2300972,P301,924,0630,2.00
F2300972,P301,923,0630,60.00
F2300972,P301,911,0630,2.50
F0701702,P002,911,0636,7.30
F0703948,P002,911,0636,1.20
F2300972,P101,911,0636,1.80
F2300972,P201,911,0636,2.10
F0501686,P001,911,0636,1.50
F0501686,P002,911,0636,1.40
F0703948,P001,911,0636,0.00
F1600491,P901,911,0636,12.30
F0701702,P001,911,0636,1.20
F0703948,P003,911,0636,1.60
F1700736,P601,911,0636,3.20
F1700736,P701,911,0636,2.50
F2300972,P301,911,0636,2.40
F0701702,P002,911,0642,7.20
F0703948,P002,911,0642,1.20
F2300972,P101,911,0642,1.80
F2300972,P201,911,0642,2.10
F0501686,P001,911,0642,1.50
F0501686,P002,911,0642,1.40
F0703948,P001,911,0642,1.30
F1600491,P901,911,0642,12.30
F0701702,P001,911,0642,1.20
F0703948,P003,911,0642,1.60
F1700736,P601,911,0642,3.10
F1700736,P701,911,0642,2.50
F2300972,P301,911,0642,2.60
F0501686,P001,923,0645,88.00
F0501686,P002,922,0645,14.00
F0501686,P002,923,0645,90.00
F0703948,P001,923,0645,113.00
F0703948,P002,923,0645,81.00
F1600491,P901,923,0645,60.00
F0703948,P003,922,0645,4.00
F0703948,P003,924,0645,21.00
F1700736,P601,923,0645,16.00
F1700736,P701,922,0645,13.00
F2300972,P101,922,0645,4.00
F2300972,P201,923,0645,77.00
F0501686,P001,922,0645,9.00
F0501686,P001,924,0645,2.00
F0701702,P002,923,0645,65.00
F0703948,P001,924,0645,16.00
F0703948,P003,923,0645,93.00
F1600491,P901,922,0645,24.00
F1700736,P601,922,0645,10.00
F1700736,P701,923,0645,20.00
F2300972,P101,924,0645,2.00
F2300972,P201,922,0645,3.00
F0501686,P002,924,0645,1.00
F0701702,P001,922,0645,0.00
F0701702,P001,923,0645,0.00
F0701702,P002,922,0645,22.00
F0703948,P001,922,0645,6.00
F0703948,P002,922,0645,3.00
F0703948,P002,924,0645,11.00
F2300972,P101,923,0645,81.00
F2300972,P201,924,0645,3.00
F2300972,P301,922,0645,6.00
F2300972,P301,924,0645,2.00
F2300972,P301,923,0645,65.00
F0701702,P002,911,0648,7.20
F0703948,P002,911,0648,1.20
F2300972,P101,911,0648,1.80
F2300972,P201,911,0648,2.20
F0501686,P001,911,0648,1.50
F0501686,P002,911,0648,1.40
F0703948,P001,911,0648,1.30
F1600491,P901,911,0648,12.30
F0701702,P001,911,0648,1.20
F0703948,P003,911,0648,1.60
F1700736,P601,911,0648,3.00
F1700736,P701,911,0648,2.50
F2300972,P301,911,0648,2.60
F0701702,P002,911,0654,7.20
F0703948,P002,911,0654,1.20
F2300972,P101,911,0654,1.80
F2300972,P201,911,0654,2.30
F0501686,P001,911,0654,1.50
F0501686,P002,911,0654,1.40
F0703948,P001,911,0654,1.30
F1600491,P901,911,0654,12.30
F0701702,P001,911,0654,1.20
F0703948,P003,911,0654,1.60
F1700736,P601,911,0654,3.10
F1700736,P701,911,0654,2.50
F2300972,P301,911,0654,2.70
F0701702,P001,911,0700,1.10
F0701702,P001,923,0700,0.00
F0701702,P002,922,0700,28.00
F0703948,P001,911,0700,1.30
F0703948,P001,924,0700,15.00
F0703948,P003,911,0700,1.60
F0703948,P003,923,0700,93.00
F1600491,P901,923,0700,60.00
F1700736,P601,923,0700,14.00
F1700736,P701,911,0700,2.30
F0501686,P001,911,0700,1.50
F0501686,P001,923,0700,91.00
F0501686,P001,924,0700,2.00
F0501686,P002,924,0700,1.00
F0703948,P001,922,0700,6.00
F0703948,P002,911,0700,1.20
F0703948,P002,923,0700,83.00
F1600491,P901,911,0700,12.30
F1700736,P701,923,0700,20.00
F2300972,P101,911,0700,1.80
F0501686,P002,911,0700,1.40
F0701702,P001,922,0700,0.00
F0701702,P002,923,0700,81.00
F0703948,P002,922,0700,3.00
F0703948,P002,924,0700,12.00
F0703948,P003,922,0700,4.00
F0703948,P003,924,0700,21.00
F1700736,P601,911,0700,3.00
F1700736,P701,922,0700,13.00
F2300972,P101,924,0700,2.00
F2300972,P201,922,0700,3.00
F2300972,P301,911,0700,2.60
F2300972,P201,924,0700,3.00
F2300972,P301,923,0700,73.00
F0501686,P001,922,0700,9.00
F0501686,P002,922,0700,14.00
F0501686,P002,923,0700,98.00
F0701702,P002,911,0700,7.60
F0703948,P001,923,0700,106.00
F1600491,P901,922,0700,23.00
F1700736,P601,922,0700,10.00
F2300972,P101,922,0700,3.00
F2300972,P201,911,0700,2.20
F2300972,P301,924,0700,2.00
F2300972,P101,923,0700,94.00
F2300972,P201,923,0700,77.00
F2300972,P301,922,0700,5.00
F0701702,P001,911,0706,1.20
F0703948,P001,911,0706,1.30
F0703948,P003,911,0706,1.60
F1700736,P701,911,0706,2.20
F0501686,P001,911,0706,1.50
F0703948,P002,911,0706,1.20
F1600491,P901,911,0706,12.30
F2300972,P101,911,0706,1.80
F0501686,P002,911,0706,1.40
F1700736,P601,911,0706,3.00
F2300972,P301,911,0706,2.60
F0701702,P002,911,0706,7.30
F2300972,P201,911,0706,2.10
F0701702,P001,911,0712,1.20
F0703948,P001,911,0712,1.30
F0703948,P003,911,0712,1.60
F1700736,P701,911,0712,2.20
F0501686,P001,911,0712,1.50
F0703948,P002,911,0712,1.20
F1600491,P901,911,0712,12.30
F2300972,P101,911,0712,1.80
F0501686,P002,911,0712,1.40
F1700736,P601,911,0712,3.00
F2300972,P301,911,0712,2.50
F0701702,P002,911,0712,7.30
F2300972,P201,911,0712,2.10
F0701702,P001,923,0715,0.00
F0701702,P002,922,0715,32.00
F0703948,P001,924,0715,16.00
F0703948,P003,923,0715,93.00
F1600491,P901,923,0715,62.00
F1700736,P601,923,0715,22.00
F0501686,P001,923,0715,90.00
F0501686,P001,924,0715,3.00
F0501686,P002,924,0715,5.00
F0703948,P001,922,0715,6.00
F0703948,P002,923,0715,80.00
F1700736,P701,923,0715,13.00
F0701702,P001,922,0715,0.00
F0701702,P002,923,0715,63.00
F0703948,P002,922,0715,3.00
F0703948,P002,924,0715,11.00
F0703948,P003,922,0715,4.00
F0703948,P003,924,0715,21.00
F1700736,P701,922,0715,12.00
F2300972,P101,924,0715,2.00
F2300972,P201,922,0715,4.00
F2300972,P201,924,0715,3.00
F2300972,P301,923,0715,0.00
F0501686,P001,922,0715,8.00
F0501686,P002,922,0715,13.00
F0501686,P002,923,0715,70.00
F0703948,P001,923,0715,111.00
F1600491,P901,922,0715,23.00
F1700736,P601,922,0715,11.00
F2300972,P101,922,0715,3.00
F2300972,P301,924,0715,0.00
F2300972,P101,923,0715,91.00
F2300972,P201,923,0715,75.00
F2300972,P301,922,0715,0.00
F0701702,P001,911,0718,1.20
F0703948,P001,911,0718,1.30
F0703948,P003,911,0718,1.60
F1700736,P701,911,0718,2.20
F0501686,P001,911,0718,1.50
F0703948,P002,911,0718,1.20
F1600491,P901,911,0718,12.30
F2300972,P101,911,0718,1.80
F0501686,P002,911,0718,1.40
F1700736,P601,911,0718,3.00
F2300972,P301,911,0718,2.50
F0701702,P002,911,0718,7.30
F2300972,P201,911,0718,2.20
F0701702,P001,911,0724,1.20
F0703948,P001,911,0724,1.30
F0703948,P003,911,0724,1.60
F1700736,P701,911,0724,2.30
F0501686,P001,911,0724,1.50
F0703948,P002,911,0724,1.20
F1600491,P901,911,0724,12.40
F2300972,P101,911,0724,1.80
F0501686,P002,911,0724,1.40
F1700736,P601,911,0724,3.00
F2300972,P301,911,0724,2.50
F0701702,P002,911,0724,7.20
F2300972,P201,911,0724,2.10
F0701702,P001,911,0730,1.20
F0701702,P001,923,0730,0.00
F0701702,P002,922,0730,34.00
F0703948,P001,911,0730,1.30
F0703948,P001,924,0730,15.00
F0703948,P003,911,0730,1.60
F0703948,P003,923,0730,93.00
F1600491,P901,923,0730,57.00
F1700736,P601,923,0730,22.00
F1700736,P701,911,0730,2.30
F0501686,P001,911,0730,1.50
F0501686,P001,923,0730,92.00
F0501686,P001,924,0730,3.00
F0501686,P002,924,0730,5.00
F0703948,P001,922,0730,5.00
F0703948,P002,911,0730,1.20
F0703948,P002,923,0730,82.00
F1600491,P901,911,0730,12.50
F1700736,P701,923,0730,20.00
F2300972,P101,911,0730,1.80
F0501686,P002,911,0730,1.40
F0701702,P001,922,0730,0.00
F0701702,P002,923,0730,56.00
F0703948,P002,922,0730,3.00
F0703948,P002,924,0730,11.00
F0703948,P003,922,0730,4.00
F0703948,P003,924,0730,21.00
F1700736,P601,911,0730,3.00
F1700736,P701,922,0730,11.00
F2300972,P101,924,0730,3.00
F2300972,P201,922,0730,4.00
F2300972,P301,911,0730,2.60
F2300972,P201,924,0730,3.00
F2300972,P301,923,0730,64.00
F0501686,P001,922,0730,9.00
F0501686,P002,922,0730,13.00
F0501686,P002,923,0730,73.00
F0701702,P002,911,0730,7.60
F0703948,P001,923,0730,106.00
F1600491,P901,922,0730,24.00
F1700736,P601,922,0730,11.00
F2300972,P101,922,0730,4.00
F2300972,P201,911,0730,2.20
F2300972,P301,924,0730,3.00
F2300972,P101,923,0730,83.00
F2300972,P201,923,0730,78.00
F2300972,P301,922,0730,8.00
F0701702,P001,911,0736,1.20
F0703948,P001,911,0736,1.40
F0703948,P003,911,0736,1.60
F1700736,P701,911,0736,2.20
F0501686,P001,911,0736,1.50
F0703948,P002,911,0736,1.20
F1600491,P901,911,0736,12.40
F2300972,P101,911,0736,1.80
F0501686,P002,911,0736,1.40
F1700736,P601,911,0736,3.00
F2300972,P301,911,0736,2.70
F0701702,P002,911,0736,7.20
F2300972,P201,911,0736,2.20
F0701702,P001,911,0742,1.20
F0703948,P001,911,0742,1.30
F0703948,P003,911,0742,1.60
F1700736,P701,911,0742,2.20
F0501686,P001,911,0742,1.50
F0703948,P002,911,0742,1.20
F1600491,P901,911,0742,12.40
F2300972,P101,911,0742,1.80
F0501686,P002,911,0742,1.40
F1700736,P601,911,0742,3.00
F2300972,P301,911,0742,2.70
F0701702,P002,911,0742,7.20
F2300972,P201,911,0742,2.10
F0701702,P001,923,0745,0.00
F0701702,P002,922,0745,29.00
F0703948,P001,924,0745,16.00
F0703948,P003,923,0745,93.00
F1600491,P901,923,0745,64.00
F1700736,P601,923,0745,19.00
F0501686,P001,923,0745,97.00
F0501686,P001,924,0745,1.00
F0501686,P002,924,0745,27.00
F0703948,P001,922,0745,6.00
F0703948,P002,923,0745,78.00
F1700736,P701,923,0745,21.00
F0701702,P001,922,0745,0.00
F0701702,P002,923,0745,62.00
F0703948,P002,922,0745,3.00
F0703948,P002,924,0745,10.00
F0703948,P003,922,0745,4.00
F0703948,P003,924,0745,21.00
F1700736,P701,922,0745,11.00
F2300972,P101,924,0745,14.00
F2300972,P201,922,0745,3.00
F2300972,P201,924,0745,5.00
F2300972,P301,923,0745,59.00
F0501686,P001,922,0745,9.00
F0501686,P002,922,0745,13.00
F0501686,P002,923,0745,73.00
F0703948,P001,923,0745,114.00
F1600491,P901,922,0745,24.00
F1700736,P601,922,0745,11.00
F2300972,P101,922,0745,5.00
F2300972,P301,924,0745,9.00
F2300972,P101,923,0745,74.00
F2300972,P201,923,0745,73.00
F2300972,P301,922,0745,5.00
F0701702,P001,911,0748,1.20
F0703948,P001,911,0748,1.40
F0703948,P003,911,0748,1.60
F1700736,P701,911,0748,2.30
F0501686,P001,911,0748,1.50
F0703948,P002,911,0748,1.20
F1600491,P901,911,0748,12.40
F2300972,P101,911,0748,1.80
F0501686,P002,911,0748,1.40
F1700736,P601,911,0748,3.00
F0701702,P002,911,0748,7.20
F2300972,P201,911,0748,2.10
F2300972,P301,911,0748,2.60
F0701702,P001,911,0754,1.20
F0703948,P001,911,0754,1.40
F0703948,P003,911,0754,1.60
F0501686,P001,911,0754,1.50
F0703948,P002,911,0754,1.20
F1600491,P901,911,0754,12.40
F2300972,P101,911,0754,1.80
F0501686,P002,911,0754,1.40
F1700736,P601,911,0754,3.00
F1700736,P701,911,0754,2.10
F0701702,P002,911,0754,7.20
F2300972,P201,911,0754,2.10
F2300972,P301,911,0754,2.80
F0501686,P001,923,0800,92.00
F0501686,P002,911,0800,1.50
F0501686,P002,923,0800,69.00
F0701702,P002,922,0800,25.00
F0703948,P001,911,0800,1.40
F0703948,P001,924,0800,16.00
F0703948,P002,911,0800,1.20
F0703948,P002,923,0800,79.00
F1600491,P901,923,0800,69.00
F1700736,P601,923,0800,11.00
F1700736,P701,911,0800,2.00
F0501686,P001,911,0800,1.50
F0701702,P001,911,0800,1.20
F0701702,P001,923,0800,0.00
F0701702,P002,923,0800,69.00
F0703948,P003,922,0800,4.00
F0703948,P003,924,0800,21.00
F1700736,P601,911,0800,3.00
F2300972,P101,911,0800,1.80
F2300972,P201,911,0800,2.20
F0501686,P001,924,0800,1.00
F0501686,P002,922,0800,13.00
F0701702,P001,922,0800,0.00
F0703948,P001,922,0800,6.00
F0703948,P002,924,0800,11.00
F1600491,P901,922,0800,21.00
F1700736,P601,922,0800,10.00
F1700736,P701,923,0800,15.00
F2300972,P101,924,0800,12.00
F2300972,P201,924,0800,14.00
F2300972,P301,911,0800,2.60
F0501686,P001,922,0800,8.00
F0501686,P002,924,0800,37.00
F0701702,P002,911,0800,7.50
F0703948,P001,923,0800,114.00
F0703948,P002,922,0800,3.00
F0703948,P003,911,0800,1.60
F0703948,P003,923,0800,93.00
F1600491,P901,911,0800,12.40
F1700736,P701,922,0800,9.00
F2300972,P201,922,0800,4.00
F2300972,P301,923,0800,58.00
F2300972,P101,922,0800,6.00
F2300972,P101,923,0800,81.00
F2300972,P201,923,0800,77.00
F2300972,P301,922,0800,7.00
F2300972,P301,924,0800,27.00
F0501686,P002,911,0806,1.40
F0703948,P001,911,0806,1.40
F0703948,P002,911,0806,1.20
F1700736,P701,911,0806,1.90
F0501686,P001,911,0806,1.50
F0701702,P001,911,0806,1.20
F1700736,P601,911,0806,3.00
F2300972,P101,911,0806,1.80
F2300972,P201,911,0806,2.20
F2300972,P301,911,0806,2.70
F0701702,P002,911,0806,7.20
F0703948,P003,911,0806,1.60
F1600491,P901,911,0806,12.40
F0501686,P002,911,0812,1.40
F0703948,P001,911,0812,1.40
F0703948,P002,911,0812,1.20
F1700736,P701,911,0812,2.00
F0501686,P001,911,0812,1.50
F0701702,P001,911,0812,1.20
F1700736,P601,911,0812,3.00
F2300972,P101,911,0812,1.80
F2300972,P201,911,0812,2.30
F2300972,P301,911,0812,2.60
F0701702,P002,911,0812,7.20
F0703948,P003,911,0812,1.60
F1600491,P901,911,0812,12.30
F0501686,P001,923,0815,91.00
F0501686,P002,923,0815,80.00
F0701702,P002,922,0815,21.00
F0703948,P001,924,0815,16.00
F0703948,P002,923,0815,82.00
F1600491,P901,923,0815,66.00
F1700736,P601,923,0815,14.00
F0701702,P001,923,0815,0.00
F0701702,P002,923,0815,70.00
F0703948,P003,922,0815,4.00
F0703948,P003,924,0815,21.00
F0501686,P001,924,0815,1.00
F0501686,P002,922,0815,15.00
F0701702,P001,922,0815,0.00
F0703948,P001,922,0815,6.00
F0703948,P002,924,0815,11.00
F1600491,P901,922,0815,23.00
F1700736,P601,922,0815,10.00
F1700736,P701,923,0815,21.00
F2300972,P101,924,0815,3.00
F2300972,P201,924,0815,6.00
F0501686,P001,922,0815,9.00
F0501686,P002,924,0815,9.00
F0703948,P001,923,0815,116.00
F0703948,P002,922,0815,3.00
F0703948,P003,923,0815,93.00
F1700736,P701,922,0815,9.00
F2300972,P201,922,0815,4.00
F2300972,P301,923,0815,59.00
F2300972,P101,922,0815,5.00
F2300972,P101,923,0815,86.00
F2300972,P201,923,0815,69.00
F2300972,P301,922,0815,6.00
F2300972,P301,924,0815,5.00
F0501686,P002,911,0818,1.40
F0703948,P001,911,0818,1.40
F0703948,P002,911,0818,1.20
F1700736,P701,911,0818,2.00
F0501686,P001,911,0818,1.50
F0701702,P001,911,0818,1.20
F1700736,P601,911,0818,2.90
F2300972,P101,911,0818,1.80
F2300972,P201,911,0818,2.20
F2300972,P301,911,0818,2.70
F0701702,P002,911,0818,7.20
F0703948,P003,911,0818,1.60
F1600491,P901,911,0818,12.40
F0501686,P002,911,0824,1.40
F0703948,P001,911,0824,1.40
F0703948,P002,911,0824,1.20
F1700736,P701,911,0824,2.10
F0501686,P001,911,0824,1.50
F0701702,P001,911,0824,1.20
F1700736,P601,911,0824,3.00
F2300972,P101,911,0824,1.80
F2300972,P201,911,0824,2.20
F2300972,P301,911,0824,2.70
F0701702,P002,911,0824,7.20
F0703948,P003,911,0824,1.60
F1600491,P901,911,0824,12.40
F0501686,P001,923,0830,90.00
F0501686,P002,911,0830,1.40
F0501686,P002,923,0830,82.00
F0701702,P002,922,0830,18.00
F0703948,P001,911,0830,1.40
F0703948,P001,924,0830,17.00
F0703948,P002,911,0830,1.20
F0703948,P002,923,0830,86.00
F1600491,P901,923,0830,56.00
F1700736,P601,923,0830,22.00
F1700736,P701,911,0830,2.00
F0501686,P001,911,0830,1.50
F0701702,P001,911,0830,1.20
F0701702,P001,923,0830,0.00
F0701702,P002,923,0830,72.00
F0703948,P003,922,0830,4.00
F0703948,P003,924,0830,21.00
F1700736,P601,911,0830,3.00
F2300972,P101,911,0830,1.80
F2300972,P201,911,0830,2.30
F0501686,P001,924,0830,2.00
F0501686,P002,922,0830,13.00
F0701702,P001,922,0830,0.00
F0703948,P001,922,0830,6.00
F0703948,P002,924,0830,12.00
F1600491,P901,922,0830,23.00
F1700736,P601,922,0830,9.00
F1700736,P701,923,0830,20.00
F2300972,P101,924,0830,2.00
F2300972,P201,924,0830,9.00
F2300972,P301,911,0830,2.70
F0501686,P001,922,0830,8.00
F0501686,P002,924,0830,3.00
F0701702,P002,911,0830,7.50
F0703948,P001,923,0830,118.00
F0703948,P002,922,0830,4.00
F0703948,P003,911,0830,1.60
F0703948,P003,923,0830,93.00
F1600491,P901,911,0830,12.40
F1700736,P701,922,0830,10.00
F2300972,P201,922,0830,4.00
F2300972,P301,923,0830,60.00
F2300972,P101,922,0830,3.00
F2300972,P101,923,0830,91.00
F2300972,P201,923,0830,73.00
F2300972,P301,922,0830,5.00
F2300972,P301,924,0830,8.00
F0501686,P002,911,0836,1.40
F0703948,P001,911,0836,1.40
F0703948,P002,911,0836,1.20
F0501686,P001,911,0836,1.50
F0701702,P001,911,0836,1.20
F1700736,P601,911,0836,2.90
F2300972,P101,911,0836,1.80
F2300972,P201,911,0836,2.40
F2300972,P301,911,0836,2.70
F0701702,P002,911,0836,8.60
F0703948,P003,911,0836,1.60
F1600491,P901,911,0836,12.40
F1700736,P701,911,0836,2.00
F0501686,P002,911,0842,1.40
F0703948,P001,911,0842,1.40
F0703948,P002,911,0842,1.20
F0501686,P001,911,0842,1.50
F0701702,P001,911,0842,1.20
F1700736,P601,911,0842,2.90
F2300972,P101,911,0842,1.80
F2300972,P301,911,0842,2.70
F0701702,P002,911,0842,7.20
F0703948,P003,911,0842,1.60
F1600491,P901,911,0842,12.40
F1700736,P701,911,0842,1.90
F2300972,P201,911,0842,2.10
F0501686,P001,923,0845,100.00
F0501686,P002,923,0845,75.00
F0701702,P002,922,0845,83.00
F0703948,P001,924,0845,17.00
F0703948,P002,923,0845,90.00
F1600491,P901,923,0845,59.00
F1700736,P601,923,0845,21.00
F0701702,P001,923,0845,0.00
F0701702,P002,923,0845,109.00
F0703948,P003,922,0845,4.00
F0703948,P003,924,0845,21.00
F0501686,P001,924,0845,2.00
F0501686,P002,922,0845,13.00
F0701702,P001,922,0845,0.00
F0703948,P001,922,0845,6.00
F0703948,P002,924,0845,12.00
F1600491,P901,922,0845,23.00
F1700736,P601,922,0845,9.00
F1700736,P701,923,0845,12.00
F2300972,P101,924,0845,2.00
F2300972,P201,924,0845,3.00
F0501686,P001,922,0845,10.00
F0501686,P002,924,0845,25.00
F0703948,P001,923,0845,123.00
F0703948,P002,922,0845,4.00
F0703948,P003,923,0845,93.00
F1700736,P701,922,0845,9.00
F2300972,P201,922,0845,3.00
F2300972,P301,923,0845,62.00
F2300972,P101,922,0845,3.00
F2300972,P101,923,0845,79.00
F2300972,P201,923,0845,76.00
F2300972,P301,922,0845,5.00
F2300972,P301,924,0845,7.00
F0501686,P002,911,0848,1.40
F0703948,P001,911,0848,1.50
F0703948,P002,911,0848,1.20
F0501686,P001,911,0848,1.50
F0701702,P001,911,0848,1.20
F1700736,P601,911,0848,2.90
F2300972,P101,911,0848,1.80
F2300972,P301,911,0848,2.70
F0701702,P002,911,0848,7.20
F0703948,P003,911,0848,1.60
F1600491,P901,911,0848,12.40
F1700736,P701,911,0848,2.00
F2300972,P201,911,0848,2.10
F0501686,P002,911,0854,1.40
F0703948,P001,911,0854,1.50
F0703948,P002,911,0854,1.20
F0501686,P001,911,0854,1.50
F0701702,P001,911,0854,1.20
F1700736,P601,911,0854,2.90
F2300972,P101,911,0854,1.80
F2300972,P301,911,0854,2.70
F0701702,P002,911,0854,7.30
F0703948,P003,911,0854,1.60
F1600491,P901,911,0854,12.40
F1700736,P701,911,0854,2.00
F2300972,P201,911,0854,2.10
F0501686,P001,922,0900,94.00
F0501686,P002,922,0900,14.00
F0501686,P002,923,0900,76.00
F0701702,P001,911,0900,1.20
F0701702,P001,923,0900,0.00
F0701702,P002,922,0900,16.00
F0703948,P001,922,0900,6.00
F0703948,P002,922,0900,3.00
F0703948,P002,924,0900,12.00
F0703948,P003,922,0900,4.00
F0703948,P003,924,0900,21.00
F1600491,P901,911,0900,12.40
F1700736,P701,923,0900,20.00
F0501686,P001,911,0900,1.50
F0501686,P001,923,0900,156.00
F0701702,P002,911,0900,7.70
F0703948,P001,911,0900,1.50
F0703948,P003,911,0900,1.60
F1700736,P601,911,0900,2.90
F1700736,P701,922,0900,10.00
F2300972,P101,911,0900,1.80
F0501686,P001,924,0900,96.00
F0501686,P002,911,0900,1.40
F0703948,P001,923,0900,124.00
F0703948,P002,911,0900,1.20
F0703948,P002,923,0900,83.00
F1600491,P901,923,0900,56.00
F1700736,P601,923,0900,21.00
F1700736,P701,911,0900,2.00
F2300972,P101,923,0900,79.00
F2300972,P201,922,0900,3.00
F2300972,P301,911,0900,2.70
F0501686,P002,924,0900,15.00
F0701702,P001,922,0900,0.00
F0701702,P002,923,0900,68.00
F0703948,P001,924,0900,18.00
F0703948,P003,923,0900,93.00
F1600491,P901,922,0900,22.00
F1700736,P601,922,0900,9.00
F2300972,P201,911,0900,2.00
F2300972,P201,923,0900,75.00
F2300972,P301,923,0900,63.00
F2300972,P101,922,0900,8.00
F2300972,P301,922,0900,6.00
F2300972,P101,924,0900,3.00
F2300972,P201,924,0900,3.00
F2300972,P301,924,0900,3.00
F0701702,P001,911,0906,1.30
F1600491,P901,911,0906,12.30
F0501686,P001,911,0906,1.50
F0701702,P002,911,0906,7.30
F0703948,P001,911,0906,1.50
F0703948,P003,911,0906,1.60
F1700736,P601,911,0906,2.90
F2300972,P101,911,0906,1.80
F0501686,P002,911,0906,1.40
F0703948,P002,911,0906,1.20
F1700736,P701,911,0906,1.90
F2300972,P301,911,0906,2.60
F2300972,P201,911,0906,2.00
F0701702,P001,911,0912,1.30
F1600491,P901,911,0912,12.40
F0501686,P001,911,0912,1.50
F0701702,P002,911,0912,7.30
F0703948,P001,911,0912,1.60
F0703948,P003,911,0912,1.60
F1700736,P601,911,0912,2.90
F2300972,P101,911,0912,1.80
F0501686,P002,911,0912,1.40
F0703948,P002,911,0912,0.00
F1700736,P701,911,0912,2.00
F2300972,P301,911,0912,2.70
F2300972,P201,911,0912,2.30
F0501686,P001,922,0915,20.00
F0501686,P002,922,0915,14.00
F0501686,P002,923,0915,81.00
F0701702,P001,923,0915,0.00
F0701702,P002,922,0915,16.00
F0703948,P001,922,0915,7.00
F0703948,P002,922,0915,4.00
F0703948,P002,924,0915,12.00
F0703948,P003,922,0915,4.00
F0703948,P003,924,0915,21.00
F1700736,P701,923,0915,19.00
F0501686,P001,923,0915,104.00
F1700736,P701,922,0915,10.00
F0501686,P001,924,0915,4.00
F0703948,P001,923,0915,147.00
F0703948,P002,923,0915,88.00
F1600491,P901,923,0915,49.00
F1700736,P601,923,0915,21.00
F2300972,P101,923,0915,81.00
F2300972,P201,922,0915,4.00
F0501686,P002,924,0915,3.00
F0701702,P001,922,0915,0.00
F0701702,P002,923,0915,76.00
F0703948,P001,924,0915,21.00
F0703948,P003,923,0915,93.00
F1600491,P901,922,0915,37.00
F1700736,P601,922,0915,9.00
F2300972,P201,923,0915,77.00
F2300972,P301,923,0915,58.00
F2300972,P101,922,0915,12.00
F2300972,P301,922,0915,5.00
F2300972,P101,924,0915,5.00
F2300972,P201,924,0915,3.00
F2300972,P301,924,0915,4.00
F0701702,P001,911,0918,1.20
F1600491,P901,911,0918,12.40
F0501686,P001,911,0918,1.50
F0701702,P002,911,0918,7.30
F0703948,P001,911,0918,1.60
F0703948,P003,911,0918,1.60
F1700736,P601,911,0918,2.90
F2300972,P101,911,0918,1.80
F0501686,P002,911,0918,1.40
F0703948,P002,911,0918,0.00
F1700736,P701,911,0918,2.00
F2300972,P301,911,0918,2.60
F2300972,P201,911,0918,2.20
F0701702,P001,911,0924,1.30
F1600491,P901,911,0924,12.30
F0501686,P001,911,0924,1.50
F0701702,P002,911,0924,7.30
F0703948,P001,911,0924,1.50
F0703948,P003,911,0924,1.60
F1700736,P601,911,0924,2.90
F2300972,P101,911,0924,1.80
F0501686,P002,911,0924,1.40
F0703948,P002,911,0924,1.20
F1700736,P701,911,0924,2.00
F2300972,P301,911,0924,2.60
F2300972,P201,911,0924,2.00
F0501686,P001,922,0930,21.00
F0501686,P002,922,0930,14.00
F0501686,P002,923,0930,81.00
F0701702,P001,911,0930,1.30
F0701702,P001,923,0930,2.00
F0701702,P002,922,0930,25.00
F0703948,P001,922,0930,7.00
F0703948,P002,922,0930,4.00
F0703948,P002,924,0930,13.00
F0703948,P003,922,0930,3.00
F0703948,P003,924,0930,21.00
F1600491,P901,911,0930,14.10
F1700736,P701,923,0930,19.00
F0501686,P001,911,0930,1.50
F0501686,P001,923,0930,89.00
F0701702,P002,911,0930,7.70
F0703948,P001,911,0930,1.60
F0703948,P003,911,0930,1.60
F1700736,P601,911,0930,2.90
F1700736,P701,922,0930,10.00
F2300972,P101,911,0930,1.80
F0501686,P001,924,0930,3.00
F0501686,P002,911,0930,1.40
F0703948,P001,923,0930,141.00
F0703948,P002,911,0930,1.20
F0703948,P002,923,0930,92.00
F1600491,P901,923,0930,50.00
F1700736,P601,923,0930,21.00
F1700736,P701,911,0930,2.00
F2300972,P101,923,0930,76.00
F2300972,P201,922,0930,4.00
F2300972,P301,911,0930,2.70
F0501686,P002,924,0930,8.00
F0701702,P001,922,0930,0.00
F0701702,P002,923,0930,64.00
F0703948,P001,924,0930,20.00
F0703948,P003,923,0930,93.00
F1600491,P901,922,0930,16.00
F1700736,P601,922,0930,9.00
F2300972,P201,911,0930,2.00
F2300972,P201,923,0930,64.00
F2300972,P301,923,0930,63.00
F2300972,P101,922,0930,12.00
F2300972,P301,922,0930,5.00
F2300972,P101,924,0930,13.00
F2300972,P201,924,0930,34.00
F2300972,P301,924,0930,4.00
F0701702,P001,911,0936,4.10
F1600491,P901,911,0936,12.50
F0501686,P001,911,0936,1.50
F0701702,P002,911,0936,7.30
F0703948,P001,911,0936,1.60
F0703948,P003,911,0936,1.60
F1700736,P601,911,0936,2.90
F0501686,P002,911,0936,1.40
F0703948,P002,911,0936,1.20
F1700736,P701,911,0936,2.00
F2300972,P301,911,0936,2.60
F2300972,P201,911,0936,2.00
F2300972,P101,911,0936,1.80
F0701702,P001,911,0942,1.30
F1600491,P901,911,0942,12.40
F0501686,P001,911,0942,1.50
F0701702,P002,911,0942,7.20
F0703948,P001,911,0942,1.50
F0703948,P003,911,0942,1.60
F1700736,P601,911,0942,3.00
F0501686,P002,911,0942,1.50
F0703948,P002,911,0942,1.20
F1700736,P701,911,0942,2.00
F2300972,P301,911,0942,2.60
F2300972,P201,911,0942,2.10
F2300972,P101,911,0942,1.80
F0501686,P001,922,0945,25.00
F0501686,P002,922,0945,15.00
F0501686,P002,923,0945,85.00
F0701702,P001,923,0945,245.00
F0701702,P002,922,0945,33.00
F0703948,P001,922,0945,6.00
F0703948,P002,922,0945,4.00
F0703948,P002,924,0945,12.00
F0703948,P003,922,0945,4.00
F0703948,P003,924,0945,21.00
F0501686,P001,923,0945,86.00
F1700736,P701,922,0945,10.00
F0501686,P001,924,0945,5.00
F0703948,P001,923,0945,125.00
F0703948,P002,923,0945,87.00
F1600491,P901,923,0945,53.00
F1700736,P601,923,0945,21.00
F2300972,P101,923,0945,84.00
F2300972,P201,922,0945,4.00
F0501686,P002,924,0945,14.00
F0701702,P001,922,0945,112.00
F0701702,P002,923,0945,74.00
F0703948,P001,924,0945,18.00
F0703948,P003,923,0945,94.00
F1600491,P901,922,0945,12.00
F1700736,P601,922,0945,9.00
F2300972,P201,923,0945,72.00
F2300972,P301,923,0945,60.00
F1700736,P701,923,0945,19.00
F2300972,P101,922,0945,7.00
F2300972,P301,922,0945,5.00
F2300972,P101,924,0945,3.00
F2300972,P201,924,0945,29.00
F2300972,P301,924,0945,12.00
F0701702,P001,911,0948,1.30
F1600491,P901,911,0948,12.30
F0501686,P001,911,0948,1.50
F0701702,P002,911,0948,7.30
F0703948,P001,911,0948,1.50
F0703948,P003,911,0948,1.60
F1700736,P601,911,0948,2.90
F0501686,P002,911,0948,1.40
F0703948,P002,911,0948,1.20
F1700736,P701,911,0948,2.00
F2300972,P301,911,0948,2.60
F2300972,P201,911,0948,2.40
F2300972,P101,911,0948,1.80
F0701702,P001,911,0954,1.30
F1600491,P901,911,0954,12.30
F0501686,P001,911,0954,1.50
F0701702,P002,911,0954,7.30
F0703948,P001,911,0954,1.50
F0703948,P003,911,0954,1.60
F1700736,P601,911,0954,2.90
F0501686,P002,911,0954,1.40
F0703948,P002,911,0954,1.20
F1700736,P701,911,0954,1.90
F2300972,P301,911,0954,2.60
F2300972,P201,911,0954,2.30
F2300972,P101,911,0954,1.80
F0501686,P001,923,1000,92.00
F0501686,P002,911,1000,1.40
F0501686,P002,923,1000,120.00
F0701702,P001,911,1000,1.30
F0701702,P001,923,1000,28.00
F0701702,P002,911,1000,7.80
F0703948,P001,911,1000,1.50
F0703948,P001,923,1000,110.00
F0703948,P002,911,1000,1.20
F0501686,P001,911,1000,1.50
F0501686,P002,922,1000,69.00
F0501686,P002,924,1000,72.00
F0701702,P001,922,1000,21.00
F0701702,P002,922,1000,28.00
F0703948,P002,922,1000,3.00
F0703948,P003,922,1000,4.00
F0703948,P003,924,1000,21.00
F1600491,P901,911,1000,12.30
F1600491,P901,922,1000,11.00
F1700736,P601,923,1000,21.00
F1700736,P701,911,1000,2.00
F0501686,P001,922,1000,23.00
F0701702,P002,923,1000,63.00
F0703948,P001,922,1000,5.00
F1600491,P901,923,1000,55.00
F1700736,P601,911,1000,2.90
F2300972,P201,922,1000,3.00
F0501686,P001,924,1000,4.00
F0703948,P001,924,1000,16.00
F1700736,P601,922,1000,9.00
F2300972,P101,922,1000,10.00
F2300972,P101,924,1000,31.00
F2300972,P301,911,1000,2.60
F2300972,P301,924,1000,5.00
F0703948,P002,923,1000,83.00
F0703948,P002,924,1000,12.00
F0703948,P003,911,1000,1.60
F0703948,P003,923,1000,93.00
F1700736,P701,922,1000,10.00
F1700736,P701,923,1000,19.00
F2300972,P101,911,1000,1.80
F2300972,P201,924,1000,3.00
F2300972,P101,923,1000,69.00
F2300972,P201,911,1000,2.30
F2300972,P201,923,1000,79.00
F2300972,P301,922,1000,5.00
F2300972,P301,923,1000,58.00
F0501686,P002,911,1006,1.40
F0701702,P001,911,1006,1.30
F0701702,P002,911,1006,7.30
F0703948,P001,911,1006,1.50
F0703948,P002,911,1006,1.20
F0501686,P001,911,1006,1.50
F1600491,P901,911,1006,12.40
F1700736,P701,911,1006,2.00
F1700736,P601,911,1006,2.90
F2300972,P301,911,1006,2.60
F0703948,P003,911,1006,1.60
F2300972,P101,911,1006,1.80
F2300972,P201,911,1006,2.20
F0501686,P002,911,1012,1.40
F0701702,P001,911,1012,1.30
F0701702,P002,911,1012,7.30
F0703948,P001,911,1012,1.50
F0703948,P002,911,1012,1.20
F0501686,P001,911,1012,1.50
F1600491,P901,911,1012,12.30
F1700736,P701,911,1012,2.00
F1700736,P601,911,1012,2.80
F2300972,P301,911,1012,2.70
F0703948,P003,911,1012,1.60
F2300972,P101,911,1012,1.80
F2300972,P201,911,1012,2.10
F0501686,P001,923,1015,108.00
F0501686,P002,923,1015,78.00
F0701702,P001,923,1015,0.00
F0703948,P001,923,1015,106.00
F0501686,P002,922,1015,24.00
F0501686,P002,924,1015,125.00
F0701702,P001,922,1015,1.00
F0701702,P002,922,1015,27.00
F0703948,P002,922,1015,3.00
F0703948,P003,922,1015,4.00
F0703948,P003,924,1015,21.00
F1600491,P901,922,1015,11.00
F1700736,P601,923,1015,21.00
F0501686,P001,922,1015,20.00
F0701702,P002,923,1015,62.00
F0703948,P001,922,1015,5.00
F1600491,P901,923,1015,58.00
F2300972,P201,922,1015,3.00
F0501686,P001,924,1015,14.00
F0703948,P001,924,1015,15.00
F1700736,P601,922,1015,9.00
F2300972,P101,922,1015,10.00
F2300972,P101,924,1015,4.00
F2300972,P301,924,1015,12.00
F0703948,P002,923,1015,80.00
F0703948,P002,924,1015,11.00
F0703948,P003,923,1015,93.00
F1700736,P701,922,1015,10.00
F1700736,P701,923,1015,19.00
F2300972,P201,924,1015,3.00
F2300972,P101,923,1015,77.00
F2300972,P201,923,1015,80.00
F2300972,P301,922,1015,5.00
F2300972,P301,923,1015,55.00
F0501686,P002,911,1018,1.50
F0701702,P001,911,1018,1.30
F0701702,P002,911,1018,7.40
F0703948,P001,911,1018,1.50
F0703948,P002,911,1018,1.20
F0501686,P001,911,1018,1.50
F1600491,P901,911,1018,12.30
F1700736,P701,911,1018,2.10
F1700736,P601,911,1018,2.90
F2300972,P301,911,1018,2.60
F0703948,P003,911,1018,1.60
F2300972,P101,911,1018,1.80
F2300972,P201,911,1018,2.10
F0501686,P002,911,1024,1.40
F0701702,P001,911,1024,1.30
F0701702,P002,911,1024,7.30
F0703948,P001,911,1024,1.50
F0703948,P002,911,1024,1.20
F0501686,P001,911,1024,1.50
F1600491,P901,911,1024,12.40
F1700736,P701,911,1024,2.00
F1700736,P601,911,1024,2.80
F2300972,P301,911,1024,2.60
F0703948,P003,911,1024,1.60
F2300972,P101,911,1024,1.80
F2300972,P201,911,1024,2.20
F0501686,P001,923,1030,94.00
F0501686,P002,911,1030,1.40
F0501686,P002,923,1030,81.00
F0701702,P001,911,1030,1.30
F0701702,P001,923,1030,0.00
F0701702,P002,911,1030,7.70
F0703948,P001,911,1030,1.50
F0703948,P001,923,1030,108.00
F0703948,P002,911,1030,1.20
F0501686,P001,911,1030,1.50
F0501686,P002,922,1030,18.00
F0501686,P002,924,1030,17.00
F0701702,P001,922,1030,0.00
F0701702,P002,922,1030,24.00
F0703948,P002,922,1030,3.00
F0703948,P003,922,1030,4.00
F0703948,P003,924,1030,21.00
F1600491,P901,911,1030,12.40
F1600491,P901,922,1030,12.00
F1700736,P601,923,1030,20.00
F1700736,P701,911,1030,2.00
F0501686,P001,922,1030,31.00
F0701702,P002,923,1030,66.00
F0703948,P001,922,1030,5.00
F1600491,P901,923,1030,58.00
F1700736,P601,911,1030,2.80
F2300972,P201,922,1030,3.00
F0501686,P001,924,1030,26.00
F0703948,P001,924,1030,15.00
F1700736,P601,922,1030,9.00
F2300972,P101,922,1030,7.00
F2300972,P101,924,1030,3.00
F2300972,P301,911,1030,2.60
F2300972,P301,924,1030,8.00
F0703948,P002,923,1030,85.00
F0703948,P002,924,1030,14.00
F0703948,P003,911,1030,1.60
F0703948,P003,923,1030,93.00
F1700736,P701,922,1030,10.00
F1700736,P701,923,1030,19.00
F2300972,P101,911,1030,1.80
F2300972,P201,924,1030,3.00
F2300972,P101,923,1030,81.00
F2300972,P201,911,1030,2.10
F2300972,P201,923,1030,74.00
F2300972,P301,922,1030,5.00
F2300972,P301,923,1030,58.00
F0501686,P002,911,1036,1.40
F0701702,P001,911,1036,1.30
F0701702,P002,911,1036,7.30
F0703948,P001,911,1036,1.50
F0703948,P002,911,1036,1.20
F0501686,P001,911,1036,1.50
F1600491,P901,911,1036,12.40
F1700736,P701,911,1036,2.00
F1700736,P601,911,1036,2.80
F2300972,P301,911,1036,2.50
F0703948,P003,911,1036,1.60
F2300972,P101,911,1036,1.80
F2300972,P201,911,1036,2.00
F0501686,P002,911,1042,1.40
F0701702,P001,911,1042,1.30
F0701702,P002,911,1042,7.40
F0703948,P001,911,1042,1.50
F0501686,P001,911,1042,1.50
F1600491,P901,911,1042,12.40
F1700736,P701,911,1042,2.10
F1700736,P601,911,1042,2.90
F2300972,P301,911,1042,2.60
F0703948,P002,911,1042,1.20
F0703948,P003,911,1042,1.60
F2300972,P101,911,1042,1.80
F2300972,P201,911,1042,2.10
F0501686,P001,923,1045,104.00
F0501686,P002,923,1045,83.00
F0701702,P001,923,1045,0.00
F0703948,P001,923,1045,111.00
F0501686,P002,922,1045,17.00
F0501686,P002,924,1045,11.00
F0701702,P001,922,1045,0.00
F0701702,P002,922,1045,21.00
F0703948,P002,922,1045,3.00
F0703948,P003,922,1045,4.00
F0703948,P003,924,1045,21.00
F1600491,P901,922,1045,12.00
F1700736,P601,923,1045,20.00
F0501686,P001,922,1045,22.00
F0701702,P002,923,1045,66.00
F0703948,P001,922,1045,5.00
F1600491,P901,923,1045,54.00
F2300972,P201,922,1045,5.00
F0501686,P001,924,1045,4.00
F0703948,P001,924,1045,16.00
F1700736,P601,922,1045,9.00
F2300972,P101,922,1045,9.00
F2300972,P101,924,1045,4.00
F2300972,P301,924,1045,26.00
F0703948,P002,923,1045,82.00
F0703948,P002,924,1045,12.00
F0703948,P003,923,1045,93.00
F1700736,P701,922,1045,10.00
F1700736,P701,923,1045,19.00
F2300972,P201,924,1045,4.00
F2300972,P101,923,1045,81.00
F2300972,P201,923,1045,72.00
F2300972,P301,922,1045,5.00
F2300972,P301,923,1045,58.00
F0501686,P002,911,1048,1.40
F0701702,P001,911,1048,1.40
F0701702,P002,911,1048,7.20
F0703948,P001,911,1048,1.50
F0501686,P001,911,1048,1.50
F1600491,P901,911,1048,12.40
F1700736,P601,911,1048,2.90
F2300972,P301,911,1048,2.60
F0703948,P002,911,1048,1.20
F0703948,P003,911,1048,1.60
F2300972,P101,911,1048,1.80
F1700736,P701,911,1048,2.00
F2300972,P201,911,1048,2.40
F0501686,P002,911,1054,1.40
F0701702,P001,911,1054,1.40
F0701702,P002,911,1054,7.30
F0703948,P001,911,1054,1.50
F0501686,P001,911,1054,1.50
F1600491,P901,911,1054,12.40
F1700736,P601,911,1054,2.90
F2300972,P301,911,1054,2.70
F0703948,P002,911,1054,1.20
F0703948,P003,911,1054,1.60
F2300972,P101,911,1054,1.80
F1700736,P701,911,1054,2.00
F2300972,P201,911,1054,6.40
F0501686,P001,922,1100,16.00
F0701702,P001,911,1100,1.40
F0701702,P001,923,1100,0.00
F0703948,P001,911,1100,1.50
F0703948,P001,924,1100,16.00
F0703948,P002,922,1100,3.00
F0703948,P003,911,1100,1.60
F0703948,P003,923,1100,93.00
F1600491,P901,911,1100,12.40
F1700736,P701,922,1100,10.00
F0501686,P001,911,1100,1.50
F0501686,P001,924,1100,2.00
F0501686,P002,911,1100,1.50
F0701702,P002,922,1100,21.00
F0703948,P001,923,1100,111.00
F0703948,P002,911,1100,1.20
F0703948,P002,923,1100,82.00
F1600491,P901,923,1100,52.00
F1700736,P601,923,1100,20.00
F1700736,P701,923,1100,19.00
F2300972,P101,922,1100,8.00
F2300972,P201,923,1100,35.00
F2300972,P101,911,1100,1.80
F2300972,P201,911,1100,4.60
F2300972,P301,922,1100,9.00
F2300972,P301,924,1100,19.00
F0501686,P002,922,1100,14.00
F0501686,P002,923,1100,75.00
F0701702,P001,922,1100,0.00
F0701702,P002,923,1100,67.00
F0703948,P001,922,1100,5.00
F0703948,P002,924,1100,11.00
F0703948,P003,922,1100,4.00
F0703948,P003,924,1100,21.00
F1600491,P901,922,1100,12.00
F1700736,P601,922,1100,8.00
F2300972,P101,924,1100,15.00
F2300972,P201,922,1100,32.00
F2300972,P301,911,1100,2.70
F0501686,P001,923,1100,95.00
F0501686,P002,924,1100,28.00
F0701702,P002,911,1100,7.70
F1700736,P601,911,1100,2.90
F1700736,P701,911,1100,2.00
F2300972,P101,923,1100,71.00
F2300972,P201,924,1100,132.00
F2300972,P301,923,1100,56.00
F0701702,P001,911,1106,1.40
F0703948,P001,911,1106,1.50
F0703948,P003,911,1106,1.60
F1600491,P901,911,1106,12.30
F0501686,P001,911,1106,1.50
F0501686,P002,911,1106,1.40
F0703948,P002,911,1106,1.20
F2300972,P101,911,1106,1.80
F2300972,P201,911,1106,4.90
F2300972,P301,911,1106,2.50
F0701702,P002,911,1106,7.30
F1700736,P601,911,1106,2.80
F1700736,P701,911,1106,2.10
F0701702,P001,911,1112,1.40
F0703948,P001,911,1112,1.60
F0703948,P003,911,1112,1.60
F1600491,P901,911,1112,12.30
F0501686,P001,911,1112,1.50
F0501686,P002,911,1112,1.40
F0703948,P002,911,1112,1.20
F2300972,P101,911,1112,1.80
F2300972,P201,911,1112,2.30
F2300972,P301,911,1112,2.70
F0701702,P002,911,1112,7.20
F1700736,P601,911,1112,2.80
F1700736,P701,911,1112,2.00
F0501686,P001,922,1115,13.00
F0701702,P001,923,1115,0.00
F0703948,P001,924,1115,16.00
F0703948,P002,922,1115,3.00
F0703948,P003,923,1115,93.00
F1700736,P701,922,1115,10.00
F0501686,P001,924,1115,2.00
F0701702,P002,922,1115,20.00
F0703948,P001,923,1115,110.00
F0703948,P002,923,1115,82.00
F1600491,P901,923,1115,55.00
F1700736,P601,923,1115,20.00
F1700736,P701,923,1115,19.00
F2300972,P101,922,1115,12.00
F2300972,P201,923,1115,78.00
F2300972,P301,922,1115,5.00
F2300972,P301,924,1115,12.00
F0501686,P002,922,1115,16.00
F0501686,P002,923,1115,79.00
F0701702,P001,922,1115,0.00
F0701702,P002,923,1115,69.00
F0703948,P001,922,1115,5.00
F0703948,P002,924,1115,12.00
F0703948,P003,922,1115,4.00
F0703948,P003,924,1115,21.00
F1600491,P901,922,1115,13.00
F1700736,P601,922,1115,9.00
F2300972,P101,924,1115,25.00
F2300972,P201,922,1115,5.00
F0501686,P001,923,1115,86.00
F0501686,P002,924,1115,12.00
F2300972,P101,923,1115,68.00
F2300972,P201,924,1115,27.00
F2300972,P301,923,1115,61.00
F0701702,P001,911,1118,1.40
F0703948,P001,911,1118,1.60
F0703948,P003,911,1118,1.60
F1600491,P901,911,1118,12.30
F0501686,P001,911,1118,1.50
F0501686,P002,911,1118,1.40
F0703948,P002,911,1118,1.20
F2300972,P101,911,1118,1.80
F2300972,P201,911,1118,2.10
F2300972,P301,911,1118,2.70
F0701702,P002,911,1118,7.30
F1700736,P601,911,1118,2.90
F1700736,P701,911,1118,2.00
F0701702,P001,911,1124,1.40
F0703948,P001,911,1124,1.60
F0703948,P003,911,1124,1.60
F1600491,P901,911,1124,12.30
F0501686,P001,911,1124,1.50
F0501686,P002,911,1124,1.50
F0703948,P002,911,1124,1.20
F2300972,P101,911,1124,1.80
F2300972,P201,911,1124,2.30
F2300972,P301,911,1124,2.70
F0701702,P002,911,1124,7.20
F1700736,P601,911,1124,2.90
F1700736,P701,911,1124,2.00
F0501686,P001,922,1130,12.00
F0701702,P001,911,1130,1.40
F0701702,P001,923,1130,0.00
F0703948,P001,911,1130,1.60
F0703948,P001,924,1130,15.00
F0703948,P002,922,1130,3.00
F0703948,P003,911,1130,1.60
F0703948,P003,923,1130,93.00
F1600491,P901,911,1130,12.30
F1700736,P701,922,1130,12.00
F0501686,P001,911,1130,1.50
F0501686,P001,924,1130,2.00
F0501686,P002,911,1130,1.40
F0701702,P002,922,1130,19.00
F0703948,P001,923,1130,109.00
F0703948,P002,911,1130,1.20
F0703948,P002,923,1130,82.00
F1600491,P901,923,1130,58.00
F1700736,P601,923,1130,20.00
F1700736,P701,923,1130,19.00
F2300972,P101,922,1130,6.00
F2300972,P101,911,1130,1.80
F2300972,P201,911,1130,2.20
F2300972,P201,923,1130,71.00
F2300972,P301,922,1130,5.00
F2300972,P301,924,1130,6.00
F0501686,P002,922,1130,15.00
F0501686,P002,923,1130,81.00
F0701702,P001,922,1130,0.00
F0701702,P002,923,1130,65.00
F0703948,P001,922,1130,5.00
F0703948,P002,924,1130,12.00
F0703948,P003,922,1130,4.00
F0703948,P003,924,1130,21.00
F1600491,P901,922,1130,13.00
F1700736,P601,922,1130,8.00
F2300972,P101,924,1130,57.00
F2300972,P201,922,1130,3.00
F2300972,P301,911,1130,2.70
F0501686,P001,923,1130,87.00
F0501686,P002,924,1130,8.00
F0701702,P002,911,1130,7.60
F1700736,P601,911,1130,2.80
F1700736,P701,911,1130,2.00
F2300972,P101,923,1130,69.00
F2300972,P201,924,1130,4.00
F2300972,P301,923,1130,64.00
F0701702,P001,911,1136,1.40
F0703948,P001,911,1136,1.60
F0703948,P003,911,1136,1.60
F1600491,P901,911,1136,12.30
F0501686,P001,911,1136,1.50
F0501686,P002,911,1136,1.40
F0703948,P002,911,1136,1.20
F2300972,P101,911,1136,1.80
F2300972,P201,911,1136,2.50
F2300972,P301,911,1136,2.70
F0701702,P002,911,1136,7.30
F1700736,P601,911,1136,2.90
F1700736,P701,911,1136,2.00
F0701702,P001,911,1142,1.40
F0703948,P001,911,1142,1.70
F0703948,P003,911,1142,1.50
F1600491,P901,911,1142,12.30
F0501686,P001,911,1142,1.50
F0501686,P002,911,1142,1.40
F0703948,P002,911,1142,1.20
F2300972,P101,911,1142,1.80
F2300972,P201,911,1142,2.90
F2300972,P301,911,1142,2.70
F0701702,P002,911,1142,7.20
F1700736,P601,911,1142,2.80
F1700736,P701,911,1142,2.00
F0501686,P001,922,1145,14.00
F0701702,P001,923,1145,0.00
F0703948,P001,924,1145,16.00
F0703948,P002,922,1145,3.00
F0703948,P003,923,1145,93.00
F0501686,P001,924,1145,67.00
F0701702,P002,922,1145,28.00
F0703948,P001,923,1145,110.00
F0703948,P002,923,1145,77.00
F1600491,P901,923,1145,58.00
F1700736,P601,923,1145,20.00
F1700736,P701,923,1145,19.00
F2300972,P101,922,1145,10.00
F1700736,P701,922,1145,10.00
F2300972,P201,923,1145,78.00
F2300972,P301,922,1145,4.00
F2300972,P301,924,1145,12.00
F0501686,P002,922,1145,14.00
F0501686,P002,923,1145,73.00
F0701702,P001,922,1145,0.00
F0701702,P002,923,1145,64.00
F0703948,P001,922,1145,6.00
F0703948,P002,924,1145,11.00
F0703948,P003,922,1145,4.00
F0703948,P003,924,1145,21.00
F1600491,P901,922,1145,13.00
F1700736,P601,922,1145,9.00
F2300972,P101,924,1145,46.00
F2300972,P201,922,1145,4.00
F0501686,P001,923,1145,78.00
F0501686,P002,924,1145,24.00
F2300972,P101,923,1145,66.00
F2300972,P201,924,1145,3.00
F2300972,P301,923,1145,63.00
F0701702,P001,911,1148,1.40
F0703948,P001,911,1148,1.80
F0703948,P003,911,1148,1.60
F1600491,P901,911,1148,12.40
F0501686,P001,911,1148,1.50
F0501686,P002,911,1148,1.40
F0703948,P002,911,1148,1.20
F2300972,P101,911,1148,1.80
F2300972,P201,911,1148,2.80
F2300972,P301,911,1148,2.70
F0701702,P002,911,1148,7.20
F1700736,P601,911,1148,2.90
F1700736,P701,911,1148,2.00
F0701702,P001,911,1154,1.40
F0703948,P001,911,1154,1.70
F0703948,P003,911,1154,1.60
F1600491,P901,911,1154,12.30
F0501686,P001,911,1154,1.50
F0501686,P002,911,1154,1.40
F0703948,P002,911,1154,1.20
F2300972,P101,911,1154,1.80
F2300972,P201,911,1154,2.80
F2300972,P301,911,1154,2.60
F0701702,P002,911,1154,7.30
F1700736,P601,911,1154,2.90
F1700736,P701,911,1154,2.10
F0501686,P001,911,1200,1.50
F0501686,P001,923,1200,80.00
F0501686,P002,922,1200,15.00
F0501686,P002,923,1200,72.00
F0701702,P001,922,1200,0.00
F0701702,P002,923,1200,68.00
F0703948,P001,924,1200,15.00
F0703948,P002,924,1200,11.00
F0703948,P003,922,1200,4.00
F0703948,P003,924,1200,21.00
F1600491,P901,911,1200,12.30
F1700736,P701,923,1200,20.00
F2300972,P101,924,1200,124.00
F0501686,P001,922,1200,14.00
F0501686,P001,924,1200,17.00
F0701702,P002,911,1200,7.70
F0703948,P001,911,1200,1.60
F0703948,P002,911,1200,1.20
F0703948,P002,923,1200,80.00
F1600491,P901,922,1200,13.00
F1700736,P601,922,1200,9.00
F2300972,P101,911,1200,1.80
F2300972,P201,924,1200,3.00
F2300972,P301,911,1200,2.70
F0501686,P002,924,1200,38.00
F0703948,P001,922,1200,5.00
F0703948,P002,922,1200,3.00
F0703948,P003,911,1200,1.60
F0703948,P003,923,1200,93.00
F1600491,P901,923,1200,56.00
F1700736,P601,923,1200,20.00
F1700736,P701,911,1200,2.00
F1700736,P701,922,1200,9.00
F2300972,P101,923,1200,60.00
F2300972,P201,923,1200,81.00
F2300972,P301,922,1200,5.00
F2300972,P201,922,1200,5.00
F2300972,P301,924,1200,47.00
F0501686,P002,911,1200,1.50
F0701702,P001,911,1200,1.40
F0701702,P001,923,1200,0.00
F0701702,P002,922,1200,28.00
F0703948,P001,923,1200,108.00
F1700736,P601,911,1200,2.90
F2300972,P101,922,1200,11.00
F2300972,P201,911,1200,3.10
F2300972,P301,923,1200,59.00
F0501686,P001,911,1206,1.50
F1600491,P901,911,1206,12.30
F0701702,P002,911,1206,7.20
F0703948,P001,911,1206,1.60
F0703948,P002,911,1206,1.20
F2300972,P101,911,1206,1.80
F2300972,P301,911,1206,2.70
F0703948,P003,911,1206,1.60
F1700736,P701,911,1206,2.00
F0501686,P002,911,1206,1.40
F0701702,P001,911,1206,1.40
F1700736,P601,911,1206,2.80
F2300972,P201,911,1206,2.50
F0501686,P001,911,1212,1.50
F1600491,P901,911,1212,12.30
F0701702,P002,911,1212,7.20
F0703948,P001,911,1212,1.60
F0703948,P002,911,1212,1.20
F2300972,P101,911,1212,1.80
F2300972,P301,911,1212,2.80
F0703948,P003,911,1212,1.50
F1700736,P701,911,1212,2.00
F0501686,P002,911,1212,1.40
F0701702,P001,911,1212,1.40
F1700736,P601,911,1212,2.80
F2300972,P201,911,1212,2.80
F0501686,P001,923,1215,89.00
F0501686,P002,922,1215,14.00
F0501686,P002,923,1215,81.00
F0701702,P001,922,1215,0.00
F0701702,P002,923,1215,67.00
F0703948,P001,924,1215,16.00
F0703948,P002,924,1215,11.00
F0703948,P003,922,1215,3.00
F0703948,P003,924,1215,21.00
F1700736,P701,923,1215,20.00
F2300972,P101,924,1215,43.00
F0501686,P001,922,1215,12.00
F0501686,P001,924,1215,11.00
F0703948,P002,923,1215,78.00
F1600491,P901,922,1215,14.00
F1700736,P601,922,1215,10.00
F2300972,P201,924,1215,3.00
F0501686,P002,924,1215,14.00
F0703948,P001,922,1215,6.00
F0703948,P002,922,1215,3.00
F0703948,P003,923,1215,93.00
F1600491,P901,923,1215,56.00
F1700736,P601,923,1215,20.00
F1700736,P701,922,1215,10.00
F2300972,P101,923,1215,69.00
F2300972,P201,923,1215,79.00
F2300972,P301,922,1215,5.00
F2300972,P201,922,1215,4.00
F2300972,P301,924,1215,23.00
F0701702,P001,923,1215,0.00
F0701702,P002,922,1215,21.00
F0703948,P001,923,1215,113.00
F2300972,P101,922,1215,12.00
F2300972,P301,923,1215,57.00
F0501686,P001,911,1218,1.50
F1600491,P901,911,1218,12.40
F0701702,P002,911,1218,7.30
F0703948,P001,911,1218,1.70
F0703948,P002,911,1218,1.20
F2300972,P101,911,1218,1.80
F2300972,P301,911,1218,2.80
F0703948,P003,911,1218,1.60
F1700736,P701,911,1218,2.00
F0501686,P002,911,1218,1.40
F0701702,P001,911,1218,1.40
F1700736,P601,911,1218,2.80
F2300972,P201,911,1218,2.30
F0501686,P001,911,1224,1.50
F1600491,P901,911,1224,12.40
F0701702,P002,911,1224,7.20
F0703948,P001,911,1224,1.70
F0703948,P002,911,1224,1.20
F2300972,P101,911,1224,1.80
F2300972,P301,911,1224,2.70
F0703948,P003,911,1224,1.60
F1700736,P701,911,1224,2.00
F0501686,P002,911,1224,1.50
F0701702,P001,911,1224,1.40
F1700736,P601,911,1224,2.80
F2300972,P201,911,1224,2.20
F0501686,P001,911,1230,1.50
F0501686,P001,923,1230,95.00
F0501686,P002,922,1230,14.00
F0501686,P002,923,1230,76.00
F0701702,P001,922,1230,0.00
F0701702,P002,923,1230,64.00
F0703948,P001,924,1230,16.00
F0703948,P002,924,1230,10.00
F0703948,P003,922,1230,4.00
F0703948,P003,924,1230,21.00
F1600491,P901,911,1230,12.40
F1700736,P701,923,1230,21.00
F2300972,P101,924,1230,156.00
F0501686,P001,922,1230,11.00
F0501686,P001,924,1230,2.00
F0701702,P002,911,1230,7.60
F0703948,P001,911,1230,1.70
F0703948,P002,911,1230,1.20
F0703948,P002,923,1230,75.00
F1600491,P901,922,1230,13.00
F1700736,P601,922,1230,10.00
F2300972,P101,911,1230,1.80
F2300972,P201,924,1230,3.00
F2300972,P301,911,1230,2.70
F0501686,P002,924,1230,5.00
F0703948,P001,922,1230,6.00
F0703948,P002,922,1230,3.00
F0703948,P003,911,1230,1.60
F0703948,P003,923,1230,93.00
F1600491,P901,923,1230,54.00
F1700736,P601,923,1230,20.00
F1700736,P701,911,1230,2.10
F1700736,P701,922,1230,10.00
F2300972,P101,923,1230,64.00
F2300972,P201,923,1230,78.00
F2300972,P301,922,1230,4.00
F2300972,P201,922,1230,4.00
F2300972,P301,924,1230,7.00
F0501686,P002,911,1230,1.50
F0701702,P001,911,1230,1.50
F0701702,P001,923,1230,0.00
F0701702,P002,922,1230,19.00
F0703948,P001,923,1230,116.00
F1700736,P601,911,1230,2.90
F2300972,P101,922,1230,10.00
F2300972,P201,911,1230,2.20
F2300972,P301,923,1230,62.00
F0501686,P001,911,1236,1.50
F1600491,P901,911,1236,12.30
F0701702,P002,911,1236,7.30
F0703948,P001,911,1236,1.70
F0703948,P002,911,1236,1.20
F2300972,P101,911,1236,1.80
F2300972,P301,911,1236,2.70
F0703948,P003,911,1236,1.60
F1700736,P701,911,1236,2.00
F0501686,P002,911,1236,1.40
F0701702,P001,911,1236,1.50
F1700736,P601,911,1236,2.80
F2300972,P201,911,1236,2.50
F0501686,P001,911,1242,1.50
F1600491,P901,911,1242,12.30
F0701702,P002,911,1242,7.20
F0703948,P001,911,1242,1.70
F0703948,P002,911,1242,1.20
F2300972,P101,911,1242,1.80
F2300972,P301,911,1242,2.60
F0703948,P003,911,1242,1.60
F1700736,P701,911,1242,2.00
F0501686,P002,911,1242,1.40
F0701702,P001,911,1242,1.50
F1700736,P601,911,1242,2.90
F2300972,P201,911,1242,2.20
F0501686,P001,923,1245,86.00
F0501686,P002,922,1245,15.00
F0501686,P002,923,1245,81.00
F0701702,P001,922,1245,0.00
F0701702,P002,923,1245,68.00
F0703948,P001,924,1245,16.00
F0703948,P002,924,1245,10.00
F0703948,P003,922,1245,4.00
F0703948,P003,924,1245,21.00
F1700736,P701,923,1245,19.00
F2300972,P101,924,1245,87.00
F0501686,P001,922,1245,10.00
F0501686,P001,924,1245,3.00
F0703948,P002,923,1245,74.00
F1600491,P901,922,1245,13.00
F1700736,P601,922,1245,10.00
F2300972,P201,924,1245,4.00
F0501686,P002,924,1245,5.00
F0703948,P001,922,1245,6.00
F0703948,P002,922,1245,3.00
F0703948,P003,923,1245,93.00
F1600491,P901,923,1245,59.00
F1700736,P601,923,1245,20.00
F1700736,P701,922,1245,9.00
F2300972,P101,923,1245,73.00
F2300972,P201,923,1245,71.00
F2300972,P301,922,1245,6.00
F2300972,P201,922,1245,4.00
F2300972,P301,924,1245,13.00
F0701702,P001,923,1245,0.00
F0701702,P002,922,1245,22.00
F0703948,P001,923,1245,114.00
F2300972,P101,922,1245,10.00
F2300972,P301,923,1245,56.00
F0501686,P001,911,1248,1.50
F1600491,P901,911,1248,12.40
F0701702,P002,911,1248,7.20
F0703948,P001,911,1248,1.60
F0703948,P002,911,1248,1.20
F2300972,P101,911,1248,1.80
F2300972,P301,911,1248,2.60
F0703948,P003,911,1248,1.60
F1700736,P701,911,1248,2.00
F0501686,P002,911,1248,1.40
F0701702,P001,911,1248,1.40
F1700736,P601,911,1248,2.90
F2300972,P201,911,1248,2.50
F0501686,P001,911,1254,1.50
F1600491,P901,911,1254,12.30
F0701702,P002,911,1254,7.20
F0703948,P001,911,1254,1.60
F0703948,P002,911,1254,1.20
F2300972,P101,911,1254,1.80
F2300972,P301,911,1254,2.70
F0703948,P003,911,1254,1.60
F1700736,P701,911,1254,2.00
F0501686,P002,911,1254,1.40
F0701702,P001,911,1254,1.40
F1700736,P601,911,1254,2.90
F2300972,P201,911,1254,2.60
F0501686,P001,911,1300,1.50
F0501686,P001,924,1300,6.00
F0501686,P002,924,1300,3.00
F0701702,P001,922,1300,0.00
F0701702,P002,923,1300,67.00
F1600491,P901,923,1300,64.00
F1700736,P601,911,1300,2.90
F2300972,P101,911,1300,1.80
F2300972,P201,911,1300,2.60
F2300972,P301,923,1300,58.00
F0701702,P001,911,1300,1.40
F0701702,P001,923,1300,0.00
F0701702,P002,922,1300,23.00
F1600491,P901,922,1300,13.00
F1700736,P601,922,1300,10.00
F1700736,P701,911,1300,2.10
F2300972,P101,922,1300,7.00
F2300972,P201,923,1300,73.00
F2300972,P301,922,1300,5.00
F0501686,P001,922,1300,12.00
F0501686,P002,911,1300,1.40
F1700736,P601,923,1300,20.00
F1700736,P701,922,1300,9.00
F2300972,P101,923,1300,84.00
F2300972,P201,924,1300,4.00
F2300972,P301,924,1300,9.00
F0501686,P001,923,1300,92.00
F0501686,P002,922,1300,19.00
F0501686,P002,923,1300,86.00
F0701702,P002,911,1300,7.70
F1600491,P901,911,1300,12.30
F1700736,P701,923,1300,20.00
F2300972,P101,924,1300,20.00
F2300972,P201,922,1300,4.00
F2300972,P301,911,1300,2.60
F0501686,P001,911,1306,1.50
F1700736,P601,911,1306,2.80
F2300972,P101,911,1306,1.80
F2300972,P201,911,1306,2.80
F0701702,P001,911,1306,1.50
F1700736,P701,911,1306,2.10
F0501686,P002,911,1306,1.50
F0701702,P002,911,1306,7.20
F1600491,P901,911,1306,12.30
F2300972,P301,911,1306,2.80
F0501686,P001,911,1312,1.50
F1700736,P601,911,1312,2.90
F2300972,P101,911,1312,1.80
F2300972,P201,911,1312,2.70
F0701702,P001,911,1312,1.50
F1700736,P701,911,1312,2.00
F0501686,P002,911,1312,1.40
F0701702,P002,911,1312,7.20
F1600491,P901,911,1312,12.30
F2300972,P301,911,1312,2.70
F0501686,P001,924,1315,2.00
F0501686,P002,924,1315,2.00
F0701702,P001,922,1315,0.00
F0701702,P002,923,1315,67.00
F1600491,P901,923,1315,58.00
F2300972,P301,923,1315,60.00
F0701702,P001,923,1315,0.00
F0701702,P002,922,1315,22.00
F1600491,P901,922,1315,15.00
F1700736,P601,922,1315,10.00
F2300972,P101,922,1315,10.00
F2300972,P201,923,1315,76.00
F2300972,P301,922,1315,8.00
F0501686,P001,922,1315,11.00
F1700736,P601,923,1315,20.00
F1700736,P701,922,1315,9.00
F2300972,P101,923,1315,78.00
F2300972,P201,924,1315,3.00
F2300972,P301,924,1315,3.00
F0501686,P001,923,1315,91.00
F0501686,P002,922,1315,17.00
F0501686,P002,923,1315,88.00
F1700736,P701,923,1315,20.00
F2300972,P101,924,1315,6.00
F2300972,P201,922,1315,4.00
F0501686,P001,911,1318,1.50
F1700736,P601,911,1318,2.90
F2300972,P101,911,1318,1.80
F2300972,P201,911,1318,2.20
F0701702,P001,911,1318,1.50
F1700736,P701,911,1318,2.00
F0501686,P002,911,1318,1.40
F0701702,P002,911,1318,7.20
F1600491,P901,911,1318,12.30
F2300972,P301,911,1318,2.70
F0501686,P001,911,1324,1.50
F1700736,P601,911,1324,2.80
F2300972,P101,911,1324,1.80
F2300972,P201,911,1324,2.40
F0701702,P001,911,1324,1.50
F1700736,P701,911,1324,2.00
F0501686,P002,911,1324,1.40
F0701702,P002,911,1324,7.20
F1600491,P901,911,1324,12.30
F2300972,P301,911,1324,2.80
F0501686,P001,911,1330,1.50
F0501686,P001,924,1330,1.00
F0501686,P002,924,1330,3.00
F0701702,P001,922,1330,0.00
F0701702,P002,923,1330,67.00
F1600491,P901,923,1330,59.00
F1700736,P601,911,1330,2.90
F2300972,P101,911,1330,1.80
F2300972,P201,911,1330,2.10
F2300972,P301,923,1330,62.00
F0701702,P001,911,1330,1.50
F0701702,P001,923,1330,0.00
F0701702,P002,922,1330,26.00
F1600491,P901,922,1330,14.00
F1700736,P601,922,1330,10.00
F1700736,P701,911,1330,1.90
F2300972,P101,922,1330,8.00
F2300972,P201,923,1330,70.00
F2300972,P301,922,1330,5.00
F0501686,P001,922,1330,9.00
F0501686,P002,911,1330,1.40
F1700736,P601,923,1330,20.00
F1700736,P701,922,1330,9.00
F2300972,P101,923,1330,78.00
F2300972,P201,924,1330,6.00
F2300972,P301,924,1330,4.00
F0501686,P001,923,1330,98.00
F0501686,P002,922,1330,15.00
F0501686,P002,923,1330,94.00
F0701702,P002,911,1330,7.60
F1600491,P901,911,1330,12.30
F1700736,P701,923,1330,19.00
F2300972,P101,924,1330,11.00
F2300972,P201,922,1330,3.00
F2300972,P301,911,1330,2.60
F0501686,P001,911,1336,1.50
F1700736,P601,911,1336,2.90
F2300972,P101,911,1336,1.80
F2300972,P201,911,1336,2.40
F0701702,P001,911,1336,1.50
F1700736,P701,911,1336,1.90
F0501686,P002,911,1336,1.40
F0701702,P002,911,1336,7.30
F1600491,P901,911,1336,12.30
F2300972,P301,911,1336,2.50
F0501686,P001,911,1342,1.50
F1700736,P601,911,1342,2.80
F2300972,P101,911,1342,1.80
F2300972,P201,911,1342,2.30
F0701702,P001,911,1342,1.50
F1700736,P701,911,1342,1.90
F0501686,P002,911,1342,1.40
F0701702,P002,911,1342,7.20
F1600491,P901,911,1342,12.30
F2300972,P301,911,1342,2.60
F0501686,P001,924,1345,1.00
F0501686,P002,924,1345,4.00
F0701702,P001,922,1345,0.00
F0701702,P002,923,1345,61.00
F1600491,P901,923,1345,60.00
F2300972,P301,923,1345,53.00
F0701702,P001,923,1345,0.00
F0701702,P002,922,1345,29.00
F1600491,P901,922,1345,16.00
F1700736,P601,922,1345,10.00
F2300972,P101,922,1345,13.00
F2300972,P201,923,1345,68.00
F2300972,P301,922,1345,6.00
F0501686,P001,922,1345,8.00
F1700736,P601,923,1345,20.00
F1700736,P701,922,1345,9.00
F2300972,P101,923,1345,75.00
F2300972,P201,924,1345,4.00
F2300972,P301,924,1345,35.00
F0501686,P001,923,1345,104.00
F0501686,P002,922,1345,15.00
F0501686,P002,923,1345,100.00
F1700736,P701,923,1345,19.00
F2300972,P101,924,1345,17.00
F2300972,P201,922,1345,4.00
F0501686,P001,911,1348,1.50
F1700736,P601,911,1348,2.90
F2300972,P101,911,1348,1.80
F2300972,P201,911,1348,2.40
F0701702,P001,911,1348,1.50
F1700736,P701,911,1348,2.00
F0501686,P002,911,1348,1.40
F0701702,P002,911,1348,7.20
F1600491,P901,911,1348,12.30
F2300972,P301,911,1348,2.40
F0501686,P001,911,1354,1.50
F1700736,P601,911,1354,2.80
F2300972,P101,911,1354,1.80
F2300972,P201,911,1354,2.40
F0701702,P001,911,1354,1.50
F1700736,P701,911,1354,1.90
F0501686,P002,911,1354,1.50
F0701702,P002,911,1354,7.30
F1600491,P901,911,1354,12.30
F2300972,P301,911,1354,2.40
F0501686,P001,911,1400,1.50
F0501686,P001,923,1400,82.00
F0701702,P002,911,1400,7.70
F1600491,P901,923,1400,59.00
F1700736,P601,923,1400,20.00
F1700736,P701,911,1400,1.90
F2300972,P101,923,1400,73.00
F2300972,P201,924,1400,3.00
F0501686,P001,922,1400,10.00
F0501686,P002,922,1400,16.00
F0501686,P002,923,1400,111.00
F0701702,P001,911,1400,1.50
F0701702,P001,923,1400,0.00
F0701702,P002,922,1400,31.00
F1600491,P901,911,1400,12.30
F1700736,P701,923,1400,19.00
F2300972,P101,924,1400,52.00
F2300972,P201,922,1400,4.00
F0501686,P001,924,1400,4.00
F0501686,P002,911,1400,1.40
F1600491,P901,922,1400,18.00
F1700736,P601,922,1400,10.00
F1700736,P701,922,1400,9.00
F2300972,P101,922,1400,10.00
F2300972,P201,923,1400,86.00
F2300972,P301,911,1400,2.80
F2300972,P301,923,1400,62.00
F0501686,P002,924,1400,5.00
F0701702,P001,922,1400,0.00
F0701702,P002,923,1400,67.00
F1700736,P601,911,1400,2.90
F2300972,P101,911,1400,1.80
F2300972,P201,911,1400,2.60
F2300972,P301,922,1400,9.00
F2300972,P301,924,1400,57.00
F0501686,P001,911,1406,1.50
F0701702,P002,911,1406,7.20
F1700736,P701,911,1406,2.00
F0701702,P001,911,1406,1.50
F1600491,P901,911,1406,12.30
F0501686,P002,911,1406,1.40
F2300972,P301,911,1406,2.80
F1700736,P601,911,1406,2.90
F2300972,P101,911,1406,1.80
F2300972,P201,911,1406,2.90
F0501686,P001,911,1412,1.50
F0701702,P002,911,1412,7.20
F1700736,P701,911,1412,1.90
F0701702,P001,911,1412,1.50
F1600491,P901,911,1412,12.30
F0501686,P002,911,1412,1.40
F2300972,P301,911,1412,2.70
F1700736,P601,911,1412,2.90
F2300972,P101,911,1412,1.80
F2300972,P201,911,1412,2.90
F0501686,P001,923,1415,82.00
F1600491,P901,923,1415,58.00
F1700736,P601,923,1415,20.00
F2300972,P101,923,1415,62.00
F2300972,P201,924,1415,5.00
F0501686,P001,922,1415,9.00
F0501686,P002,922,1415,13.00
F0501686,P002,923,1415,86.00
F0701702,P001,923,1415,0.00
F0701702,P002,922,1415,33.00
F1700736,P701,923,1415,19.00
F2300972,P101,924,1415,140.00
F2300972,P201,922,1415,4.00
F0501686,P001,924,1415,4.00
F1600491,P901,922,1415,21.00
F1700736,P601,922,1415,10.00
F1700736,P701,922,1415,9.00
F2300972,P101,922,1415,10.00
F2300972,P201,923,1415,78.00
F2300972,P301,923,1415,56.00
F0501686,P002,924,1415,7.00
F0701702,P001,922,1415,0.00
F0701702,P002,923,1415,69.00
F2300972,P301,922,1415,7.00
F2300972,P301,924,1415,4.00
F0501686,P001,911,1418,1.50
F0701702,P002,911,1418,7.30
F1700736,P701,911,1418,1.90
F0701702,P001,911,1418,1.50
F1600491,P901,911,1418,12.30
F0501686,P002,911,1418,1.50
F2300972,P301,911,1418,2.60
F1700736,P601,911,1418,2.80
F2300972,P101,911,1418,1.80
F2300972,P201,911,1418,3.20
F0501686,P001,911,1424,1.50
F0701702,P002,911,1424,7.20
F1700736,P701,911,1424,1.90
F0701702,P001,911,1424,1.50
F1600491,P901,911,1424,12.30
F0501686,P002,911,1424,1.40
F2300972,P301,911,1424,2.60
F1700736,P601,911,1424,2.90
F2300972,P101,911,1424,1.80
F2300972,P201,911,1424,2.70
F0501686,P001,911,1430,1.50
F0501686,P001,923,1430,78.00
F0701702,P002,911,1430,7.70
F1600491,P901,923,1430,57.00
F1700736,P601,923,1430,21.00
F1700736,P701,911,1430,2.00
F2300972,P101,923,1430,78.00
F2300972,P201,924,1430,40.00
F0501686,P001,922,1430,8.00
F0501686,P002,922,1430,13.00
F0501686,P002,923,1430,77.00
F0701702,P001,911,1430,1.50
F0701702,P001,923,1430,0.00
F0701702,P002,922,1430,31.00
F1600491,P901,911,1430,12.30
F1700736,P701,923,1430,19.00
F2300972,P101,924,1430,85.00
F2300972,P201,922,1430,7.00
F0501686,P001,924,1430,2.00
F0501686,P002,911,1430,1.40
F1600491,P901,922,1430,20.00
F1700736,P601,922,1430,9.00
F1700736,P701,922,1430,9.00
F2300972,P101,922,1430,13.00
F2300972,P201,923,1430,64.00
F2300972,P301,911,1430,2.60
F2300972,P301,923,1430,60.00
F0501686,P002,924,1430,9.00
F0701702,P001,922,1430,0.00
F0701702,P002,923,1430,69.00
F1700736,P601,911,1430,2.90
F2300972,P101,911,1430,1.80
F2300972,P201,911,1430,3.00
F2300972,P301,922,1430,7.00
F2300972,P301,924,1430,4.00
F0501686,P001,911,1436,1.50
F0701702,P002,911,1436,7.30
F1700736,P701,911,1436,1.90
F0701702,P001,911,1436,1.50
F1600491,P901,911,1436,12.30
F0501686,P002,911,1436,1.40
F2300972,P301,911,1436,2.60
F1700736,P601,911,1436,2.90
F2300972,P101,911,1436,1.80
F2300972,P201,911,1436,3.10
F0501686,P001,911,1442,1.50
F0701702,P002,911,1442,7.30
F1700736,P701,911,1442,2.00
F0701702,P001,911,1442,1.50
F1600491,P901,911,1442,12.30
F0501686,P002,911,1442,1.40
F2300972,P301,911,1442,2.60
F1700736,P601,911,1442,2.90
F2300972,P101,911,1442,1.80
F2300972,P201,911,1442,3.00
F0501686,P001,923,1445,83.00
F1600491,P901,923,1445,56.00
F1700736,P601,923,1445,21.00
F2300972,P101,923,1445,79.00
F2300972,P201,924,1445,4.00
F0501686,P001,922,1445,9.00
F0501686,P002,922,1445,13.00
F0501686,P002,923,1445,88.00
F0701702,P001,923,1445,0.00
F0701702,P002,922,1445,32.00
F1700736,P701,923,1445,19.00
F2300972,P101,924,1445,97.00
F2300972,P201,922,1445,7.00
F0501686,P001,924,1445,1.00
F1600491,P901,922,1445,21.00
F1700736,P601,922,1445,9.00
F1700736,P701,922,1445,9.00
F2300972,P101,922,1445,3.00
F2300972,P201,923,1445,73.00
F2300972,P301,923,1445,53.00
F0501686,P002,924,1445,6.00
F0701702,P001,922,1445,0.00
F0701702,P002,923,1445,68.00
F2300972,P301,922,1445,9.00
F2300972,P301,924,1445,24.00
F0501686,P001,911,1448,1.50
F0701702,P002,911,1448,7.30
F1700736,P701,911,1448,1.90
F0701702,P001,911,1448,1.50
F1600491,P901,911,1448,12.30
F0501686,P002,911,1448,1.40
F2300972,P301,911,1448,2.70
F1700736,P601,911,1448,2.90
F2300972,P101,911,1448,1.80
F2300972,P201,911,1448,3.10
F0501686,P001,911,1454,1.50
F0701702,P002,911,1454,7.30
F1700736,P701,911,1454,1.90
F0701702,P001,911,1454,1.50
F1600491,P901,911,1454,12.30
F0501686,P002,911,1454,1.40
F2300972,P301,911,1454,2.70
F1700736,P601,911,1454,2.90
F2300972,P101,911,1454,1.80
F2300972,P201,911,1454,3.20
F0501686,P001,911,1500,1.50
F0501686,P001,923,1500,80.00
F0701702,P002,911,1500,7.80
F1600491,P901,922,1500,22.00
F1700736,P601,922,1500,10.00
F1700736,P701,923,1500,20.00
F2300972,P101,924,1500,166.00
F2300972,P201,922,1500,7.00
F2300972,P301,911,1500,2.70
F0501686,P002,922,1500,12.00
F0501686,P002,923,1500,80.00
F0701702,P001,922,1500,0.00
F0701702,P002,923,1500,65.00
F1600491,P901,923,1500,56.00
F1700736,P601,923,1500,21.00
F1700736,P701,922,1500,9.00
F2300972,P101,923,1500,69.00
F2300972,P201,924,1500,3.00
F2300972,P301,922,1500,8.00
F0501686,P002,911,1500,1.50
F0701702,P001,911,1500,1.50
F0701702,P001,923,1500,0.00
F0701702,P002,922,1500,32.00
F1600491,P901,911,1500,12.30
F2300972,P101,911,1500,1.80
F2300972,P201,911,1500,3.20
F2300972,P301,924,1500,9.00
F0501686,P001,922,1500,8.00
F0501686,P001,924,1500,4.00
F0501686,P002,924,1500,13.00
F1700736,P601,911,1500,2.90
F1700736,P701,911,1500,2.00
F2300972,P101,922,1500,7.00
F2300972,P201,923,1500,70.00
F2300972,P301,923,1500,62.00
F0501686,P001,911,1506,1.50
F0701702,P002,911,1506,7.30
F2300972,P301,911,1506,2.60
F0501686,P002,911,1506,1.40
F0701702,P001,911,1506,1.50
F1600491,P901,911,1506,12.30
F2300972,P101,911,1506,1.80
F2300972,P201,911,1506,3.10
F1700736,P601,911,1506,2.90
F1700736,P701,911,1506,1.90
F0501686,P001,911,1512,1.50
F0701702,P002,911,1512,7.30
F2300972,P301,911,1512,2.60
F0501686,P002,911,1512,1.40
F0701702,P001,911,1512,1.50
F1600491,P901,911,1512,12.30
F2300972,P101,911,1512,1.80
F2300972,P201,911,1512,3.30
F1700736,P601,911,1512,2.90
F1700736,P701,911,1512,1.90
F0501686,P001,923,1515,102.00
F1600491,P901,922,1515,21.00
F1700736,P601,922,1515,9.00
F1700736,P701,923,1515,20.00
F2300972,P101,924,1515,38.00
F2300972,P201,922,1515,7.00
F0501686,P002,922,1515,13.00
F0501686,P002,923,1515,97.00
F0701702,P001,922,1515,0.00
F0701702,P002,923,1515,65.00
F1600491,P901,923,1515,54.00
F1700736,P601,923,1515,21.00
F1700736,P701,922,1515,9.00
F2300972,P101,923,1515,92.00
F2300972,P201,924,1515,4.00
F2300972,P301,922,1515,9.00
F0701702,P001,923,1515,0.00
F0701702,P002,922,1515,32.00
F2300972,P301,924,1515,23.00
F0501686,P001,922,1515,7.00
F0501686,P001,924,1515,1.00
F0501686,P002,924,1515,6.00
F2300972,P101,922,1515,7.00
F2300972,P201,923,1515,69.00
F2300972,P301,923,1515,56.00
F0501686,P001,911,1518,1.50
F0701702,P002,911,1518,7.30
F2300972,P301,911,1518,2.70
F0501686,P002,911,1518,1.40
F0701702,P001,911,1518,1.40
F1600491,P901,911,1518,12.30
F2300972,P101,911,1518,1.80
F2300972,P201,911,1518,3.30
F1700736,P601,911,1518,2.90
F1700736,P701,911,1518,1.90
F0501686,P001,911,1524,1.50
F0701702,P002,911,1524,7.30
F2300972,P301,911,1524,2.70
F0501686,P002,911,1524,1.40
F0701702,P001,911,1524,1.40
F1600491,P901,911,1524,12.30
F2300972,P101,911,1524,1.80
F2300972,P201,911,1524,2.50
F1700736,P601,911,1524,2.90
F1700736,P701,911,1524,1.90
F0501686,P001,911,1530,1.50
F0501686,P001,923,1530,90.00
F0701702,P002,911,1530,7.70
F1600491,P901,922,1530,22.00
F1700736,P601,922,1530,9.00
F1700736,P701,923,1530,20.00
F2300972,P101,924,1530,10.00
F2300972,P201,922,1530,7.00
F2300972,P301,911,1530,2.80
F0501686,P002,922,1530,12.00
F0501686,P002,923,1530,80.00
F0701702,P001,922,1530,0.00
F0701702,P002,923,1530,72.00
F1600491,P901,923,1530,55.00
F1700736,P601,923,1530,21.00
F1700736,P701,922,1530,9.00
F2300972,P101,923,1530,98.00
F2300972,P201,924,1530,11.00
F2300972,P301,922,1530,7.00
F0501686,P002,911,1530,1.40
F0701702,P001,911,1530,1.40
F0701702,P001,923,1530,0.00
F0701702,P002,922,1530,32.00
F1600491,P901,911,1530,12.30
F2300972,P101,911,1530,1.80
F2300972,P201,911,1530,2.40
F2300972,P301,924,1530,20.00
F0501686,P001,922,1530,9.00
F0501686,P001,924,1530,1.00
F0501686,P002,924,1530,19.00
F1700736,P601,911,1530,2.90
F1700736,P701,911,1530,1.90
F2300972,P101,922,1530,2.00
F2300972,P201,923,1530,70.00
F2300972,P301,923,1530,59.00
F0501686,P001,911,1536,1.50
F0701702,P002,911,1536,7.30
F2300972,P301,911,1536,2.70
F0501686,P002,911,1536,1.50
F0701702,P001,911,1536,1.40
F1600491,P901,911,1536,12.30
F2300972,P101,911,1536,1.80
F2300972,P201,911,1536,2.50
F1700736,P601,911,1536,2.90
F1700736,P701,911,1536,1.90
F0501686,P001,911,1542,1.50
F0701702,P002,911,1542,7.30
F2300972,P301,911,1542,2.70
F0501686,P002,911,1542,1.40
F0701702,P001,911,1542,1.40
F1600491,P901,911,1542,12.30
F2300972,P101,911,1542,1.80
F2300972,P201,911,1542,2.50
F1700736,P601,911,1542,2.90
F1700736,P701,911,1542,1.90
F0501686,P001,923,1545,98.00
F1600491,P901,922,1545,24.00
F1700736,P601,922,1545,9.00
F1700736,P701,923,1545,20.00
F2300972,P101,924,1545,33.00
F2300972,P201,922,1545,4.00
F0501686,P002,922,1545,13.00
F0501686,P002,923,1545,75.00
F0701702,P001,922,1545,0.00
F0701702,P002,923,1545,64.00
F1600491,P901,923,1545,62.00
F1700736,P601,923,1545,21.00
F1700736,P701,922,1545,9.00
F2300972,P101,923,1545,81.00
F2300972,P201,924,1545,7.00
F2300972,P301,922,1545,6.00
F0701702,P001,923,1545,0.00
F0701702,P002,922,1545,32.00
F2300972,P301,924,1545,7.00
F0501686,P001,922,1545,7.00
F0501686,P001,924,1545,2.00
F0501686,P002,924,1545,28.00
F2300972,P101,922,1545,2.00
F2300972,P201,923,1545,64.00
F2300972,P301,923,1545,70.00
F0501686,P001,911,1548,1.50
F0701702,P002,911,1548,7.30
F2300972,P301,911,1548,2.70
F0501686,P002,911,1548,1.40
F0701702,P001,911,1548,1.40
F1600491,P901,911,1548,12.20
F2300972,P101,911,1548,1.80
F2300972,P201,911,1548,2.50
F1700736,P601,911,1548,2.90
F1700736,P701,911,1548,2.00
F0501686,P001,911,1554,1.50
F0701702,P002,911,1554,7.30
F2300972,P301,911,1554,2.80
F0501686,P002,911,1554,1.40
F0701702,P001,911,1554,1.40
F1600491,P901,911,1554,12.30
F2300972,P101,911,1554,1.80
F2300972,P201,911,1554,2.50
F1700736,P601,911,1554,2.90
F1700736,P701,911,1554,1.90
F0501686,P001,911,1600,1.50
F0501686,P001,923,1600,92.00
F0501686,P002,922,1600,13.00
F0501686,P002,923,1600,76.00
F0701702,P001,911,1600,1.30
F0701702,P001,923,1600,0.00
F0701702,P002,922,1600,32.00
F1700736,P601,911,1600,2.90
F1700736,P701,923,1600,20.00
F2300972,P101,924,1600,84.00
F2300972,P201,922,1600,6.00
F2300972,P301,911,1600,2.50
F0501686,P002,911,1600,1.40
F0701702,P001,922,1600,0.00
F1600491,P901,922,1600,22.00
F1700736,P601,922,1600,9.00
F1700736,P701,911,1600,1.90
F2300972,P101,922,1600,2.00
F2300972,P201,923,1600,79.00
F2300972,P301,924,1600,9.00
F0701702,P002,911,1600,7.80
F1600491,P901,911,1600,12.30
F2300972,P101,923,1600,70.00
F2300972,P201,924,1600,7.00
F2300972,P301,923,1600,63.00
F0501686,P001,922,1600,9.00
F0501686,P001,924,1600,3.00
F0501686,P002,924,1600,11.00
F0701702,P002,923,1600,63.00
F1600491,P901,923,1600,58.00
F1700736,P601,923,1600,21.00
F1700736,P701,922,1600,8.00
F2300972,P101,911,1600,1.80
F2300972,P201,911,1600,2.90
F2300972,P301,922,1600,6.00
F0501686,P001,911,1606,1.50
F0701702,P001,911,1606,1.40
F1700736,P601,911,1606,3.00
F2300972,P301,911,1606,2.50
F0501686,P002,911,1606,1.40
F1700736,P701,911,1606,1.90
F0701702,P002,911,1606,7.30
F1600491,P901,911,1606,12.40
F2300972,P101,911,1606,1.80
F2300972,P201,911,1606,2.80
F0501686,P001,911,1612,1.50
F0701702,P001,911,1612,1.40
F1700736,P601,911,1612,2.90
F2300972,P301,911,1612,2.60
F0501686,P002,911,1612,1.40
F1700736,P701,911,1612,1.90
F0701702,P002,911,1612,7.30
F1600491,P901,911,1612,12.30
F2300972,P101,911,1612,1.80
F2300972,P201,911,1612,3.00
F0501686,P001,923,1615,93.00
F0501686,P002,922,1615,13.00
F0501686,P002,923,1615,68.00
F0701702,P001,923,1615,0.00
F0701702,P002,922,1615,31.00
F1700736,P701,923,1615,19.00
F2300972,P101,924,1615,15.00
F2300972,P201,922,1615,6.00
F0701702,P001,922,1615,0.00
F1600491,P901,922,1615,21.00
F1700736,P601,922,1615,9.00
F2300972,P101,922,1615,5.00
F2300972,P201,923,1615,72.00
F2300972,P301,924,1615,18.00
F2300972,P101,923,1615,81.00
F2300972,P201,924,1615,9.00
F2300972,P301,923,1615,60.00
F0501686,P001,922,1615,9.00
F0501686,P001,924,1615,2.00
F0501686,P002,924,1615,108.00
F0701702,P002,923,1615,65.00
F1600491,P901,923,1615,59.00
F1700736,P601,923,1615,20.00
F1700736,P701,922,1615,8.00
F2300972,P301,922,1615,7.00
F0501686,P001,911,1618,1.50
F0701702,P001,911,1618,1.30
F1700736,P601,911,1618,2.90
F2300972,P301,911,1618,2.50
F0501686,P002,911,1618,1.40
F1700736,P701,911,1618,1.90
F0701702,P002,911,1618,7.40
F1600491,P901,911,1618,12.30
F2300972,P101,911,1618,1.80
F2300972,P201,911,1618,2.90
F0501686,P001,911,1624,1.50
F0701702,P001,911,1624,1.30
F1700736,P601,911,1624,2.90
F2300972,P301,911,1624,2.50
F0501686,P002,911,1624,1.40
F1700736,P701,911,1624,1.90
F0701702,P002,911,1624,7.30
F1600491,P901,911,1624,12.30
F2300972,P101,911,1624,1.80
F2300972,P201,911,1624,2.70
F0501686,P001,911,1630,1.50
F0501686,P001,923,1630,85.00
F0501686,P002,922,1630,13.00
F0501686,P002,923,1630,74.00
F0701702,P001,911,1630,1.40
F0701702,P001,923,1630,0.00
F0701702,P002,922,1630,30.00
F1700736,P601,911,1630,2.90
F1700736,P701,923,1630,19.00
F2300972,P101,924,1630,5.00
F2300972,P201,922,1630,5.00
F2300972,P301,911,1630,2.50
F0501686,P002,911,1630,1.40
F0701702,P001,922,1630,0.00
F1600491,P901,922,1630,22.00
F1700736,P601,922,1630,9.00
F1700736,P701,911,1630,1.90
F2300972,P101,922,1630,6.00
F2300972,P201,923,1630,79.00
F2300972,P301,924,1630,15.00
F0701702,P002,911,1630,7.80
F1600491,P901,911,1630,12.30
F2300972,P101,923,1630,86.00
F2300972,P201,924,1630,8.00
F2300972,P301,923,1630,60.00
F0501686,P001,922,1630,9.00
F0501686,P001,924,1630,31.00
F0501686,P002,924,1630,19.00
F0701702,P002,923,1630,71.00
F1600491,P901,923,1630,59.00
F1700736,P601,923,1630,21.00
F1700736,P701,922,1630,8.00
F2300972,P101,911,1630,1.80
F2300972,P201,911,1630,2.60
F2300972,P301,922,1630,10.00
F0501686,P001,911,1636,1.50
F0701702,P001,911,1636,1.30
F1700736,P601,911,1636,2.90
F2300972,P301,911,1636,2.50
F0501686,P002,911,1636,1.40
F1700736,P701,911,1636,1.80
F0701702,P002,911,1636,7.40
F1600491,P901,911,1636,12.30
F2300972,P101,911,1636,1.80
F2300972,P201,911,1636,2.60
F0501686,P001,911,1642,1.50
F0701702,P001,911,1642,1.30
F1700736,P601,911,1642,2.80
F2300972,P301,911,1642,2.50
F0501686,P002,911,1642,1.50
F1700736,P701,911,1642,1.90
F0701702,P002,911,1642,7.30
F1600491,P901,911,1642,12.30
F2300972,P101,911,1642,1.80
F2300972,P201,911,1642,2.40
F0501686,P001,923,1645,76.00
F0501686,P002,922,1645,13.00
F0501686,P002,923,1645,78.00
F0701702,P001,923,1645,0.00
F0701702,P002,922,1645,31.00
F1700736,P701,923,1645,19.00
F2300972,P101,924,1645,3.00
F2300972,P201,922,1645,7.00
F0701702,P001,922,1645,0.00
F1600491,P901,922,1645,21.00
F1700736,P601,922,1645,9.00
F2300972,P101,922,1645,5.00
F2300972,P201,923,1645,87.00
F2300972,P301,924,1645,10.00
F2300972,P101,923,1645,83.00
F2300972,P201,924,1645,3.00
F2300972,P301,923,1645,63.00
F0501686,P001,922,1645,8.00
F0501686,P001,924,1645,8.00
F0501686,P002,924,1645,11.00
F0701702,P002,923,1645,70.00
F1600491,P901,923,1645,59.00
F1700736,P601,923,1645,21.00
F1700736,P701,922,1645,8.00
F2300972,P301,922,1645,8.00
F0501686,P001,911,1648,1.40
F0701702,P001,911,1648,1.30
F1700736,P601,911,1648,2.90
F2300972,P301,911,1648,2.50
F0501686,P002,911,1648,1.30
F1700736,P701,911,1648,1.90
F0701702,P002,911,1648,7.40
F1600491,P901,911,1648,12.30
F2300972,P101,911,1648,1.80
F2300972,P201,911,1648,2.70
F0501686,P001,911,1654,1.50
F0701702,P001,911,1654,1.30
F1700736,P601,911,1654,2.90
F2300972,P301,911,1654,2.60
F0501686,P002,911,1654,1.40
F1700736,P701,911,1654,1.90
F0701702,P002,911,1654,7.40
F1600491,P901,911,1654,12.30
F2300972,P101,911,1654,1.80
F2300972,P201,911,1654,2.60
F0501686,P002,924,1700,8.00
F0701702,P002,922,1700,30.00
F1700736,P601,922,1700,9.00
F1700736,P701,923,1700,19.00
F2300972,P101,924,1700,31.00
F2300972,P201,922,1700,6.00
F2300972,P301,911,1700,2.50
F0501686,P002,922,1700,15.00
F0501686,P002,923,1700,92.00
F0701702,P001,911,1700,1.30
F0701702,P001,923,1700,0.00
F0701702,P002,911,1700,7.90
F1600491,P901,923,1700,60.00
F1700736,P601,923,1700,21.00
F1700736,P701,911,1700,1.80
F2300972,P101,922,1700,6.00
F2300972,P201,923,1700,89.00
F2300972,P301,923,1700,70.00
F0501686,P001,922,1700,11.00
F0501686,P001,924,1700,3.00
F0701702,P001,922,1700,0.00
F0701702,P002,923,1700,73.00
F1600491,P901,911,1700,12.30
F1700736,P701,922,1700,8.00
F2300972,P101,923,1700,76.00
F2300972,P201,911,1700,2.30
F2300972,P301,922,1700,10.00
F0501686,P001,923,1700,84.00
F1600491,P901,922,1700,22.00
F1700736,P601,911,1700,2.90
F2300972,P101,911,1700,1.80
F2300972,P201,924,1700,3.00
F2300972,P301,924,1700,7.00
F2300972,P301,911,1706,2.60
F0701702,P001,911,1706,1.30
F0701702,P002,911,1706,7.40
F1700736,P701,911,1706,2.00
F0501686,P002,911,1706,1.40
F1600491,P901,911,1706,12.30
F2300972,P201,911,1706,2.40
F0501686,P001,911,1706,1.50
F1700736,P601,911,1706,2.90
F2300972,P101,911,1706,1.80
F2300972,P301,911,1712,2.60
F0701702,P001,911,1712,1.30
F0701702,P002,911,1712,7.30
F1700736,P701,911,1712,1.90
F0501686,P002,911,1712,1.40
F1600491,P901,911,1712,12.20
F2300972,P201,911,1712,2.20
F0501686,P001,911,1712,1.50
F1700736,P601,911,1712,2.90
F2300972,P101,911,1712,1.80
F0501686,P002,924,1715,100.00
F0701702,P002,922,1715,31.00
F1700736,P601,922,1715,9.00
F1700736,P701,923,1715,19.00
F2300972,P101,924,1715,9.00
F2300972,P201,922,1715,4.00
F0501686,P002,922,1715,16.00
F0501686,P002,923,1715,66.00
F0701702,P001,923,1715,0.00
F1600491,P901,923,1715,60.00
F1700736,P601,923,1715,21.00
F2300972,P101,922,1715,5.00
F2300972,P201,923,1715,87.00
F2300972,P301,923,1715,79.00
F0501686,P001,922,1715,10.00
F0501686,P001,924,1715,3.00
F0701702,P001,922,1715,0.00
F0701702,P002,923,1715,68.00
F1700736,P701,922,1715,8.00
F2300972,P101,923,1715,82.00
F2300972,P301,922,1715,8.00
F0501686,P001,923,1715,86.00
F1600491,P901,922,1715,22.00
F2300972,P201,924,1715,3.00
F2300972,P301,924,1715,2.00
F2300972,P301,911,1718,2.60
F0701702,P001,911,1718,1.30
F0701702,P002,911,1718,7.30
F1700736,P701,911,1718,1.90
F0501686,P002,911,1718,1.50
F1600491,P901,911,1718,12.20
F2300972,P201,911,1718,2.10
F0501686,P001,911,1718,1.50
F1700736,P601,911,1718,2.90
F2300972,P101,911,1718,1.80
F2300972,P301,911,1724,2.50
F0701702,P001,911,1724,1.30
F0701702,P002,911,1724,7.30
F1700736,P701,911,1724,1.90
F0501686,P002,911,1724,1.40
F1600491,P901,911,1724,12.20
F2300972,P201,911,1724,2.00
F0501686,P001,911,1724,1.50
F1700736,P601,911,1724,3.00
F2300972,P101,911,1724,1.80
F0501686,P002,924,1730,47.00
F0701702,P002,922,1730,30.00
F1700736,P601,922,1730,9.00
F1700736,P701,923,1730,19.00
F2300972,P101,924,1730,4.00
F2300972,P201,922,1730,2.00
F2300972,P301,911,1730,2.40
F0501686,P002,922,1730,18.00
F0501686,P002,923,1730,80.00
F0701702,P001,911,1730,1.30
F0701702,P001,923,1730,0.00
F0701702,P002,911,1730,7.70
F1600491,P901,923,1730,59.00
F1700736,P601,923,1730,20.00
F1700736,P701,911,1730,1.90
F2300972,P101,922,1730,4.00
F2300972,P201,923,1730,89.00
F2300972,P301,923,1730,65.00
F0501686,P001,922,1730,7.00
F0501686,P001,924,1730,1.00
F0501686,P002,911,1730,1.40
F0701702,P001,922,1730,0.00
F0701702,P002,923,1730,55.00
F1600491,P901,911,1730,12.20
F1700736,P701,922,1730,7.00
F2300972,P101,923,1730,86.00
F2300972,P201,911,1730,2.10
F2300972,P301,922,1730,6.00
F0501686,P001,911,1730,1.50
F0501686,P001,923,1730,94.00
F1600491,P901,922,1730,22.00
F1700736,P601,911,1730,2.90
F2300972,P101,911,1730,1.80
F2300972,P201,924,1730,3.00
F2300972,P301,924,1730,11.00
F2300972,P301,911,1736,2.40
F0701702,P001,911,1736,1.30
F0701702,P002,911,1736,7.30
F1700736,P701,911,1736,1.80
F0501686,P002,911,1736,1.40
F1600491,P901,911,1736,12.20
F2300972,P201,911,1736,2.10
F0501686,P001,911,1736,1.50
F1700736,P601,911,1736,2.90
F2300972,P101,911,1736,1.80
F2300972,P301,911,1742,2.40
F0701702,P001,911,1742,1.30
F0701702,P002,911,1742,7.30
F1700736,P701,911,1742,1.90
F0501686,P002,911,1742,1.50
F1600491,P901,911,1742,12.20
F2300972,P201,911,1742,2.20
F0501686,P001,911,1742,1.50
F1700736,P601,911,1742,2.90
F2300972,P101,911,1742,1.80
F0501686,P002,924,1745,17.00
F0701702,P002,922,1745,31.00
F1700736,P601,922,1745,8.00
F1700736,P701,923,1745,19.00
F2300972,P101,924,1745,10.00
F2300972,P201,922,1745,4.00
F0501686,P002,922,1745,14.00
F0501686,P002,923,1745,75.00
F0701702,P001,923,1745,0.00
F1600491,P901,923,1745,58.00
F1700736,P601,923,1745,21.00
F2300972,P101,922,1745,5.00
F2300972,P201,923,1745,93.00
F2300972,P301,923,1745,63.00
F0501686,P001,922,1745,6.00
F0501686,P001,924,1745,1.00
F0701702,P001,922,1745,0.00
F0701702,P002,923,1745,64.00
F1700736,P701,922,1745,7.00
F2300972,P101,923,1745,79.00
F2300972,P301,922,1745,5.00
F0501686,P001,923,1745,92.00
F1600491,P901,922,1745,23.00
F2300972,P201,924,1745,3.00
F2300972,P301,924,1745,5.00
F2300972,P301,911,1748,2.40
F0701702,P001,911,1748,1.30
F0701702,P002,911,1748,7.20
F1700736,P701,911,1748,1.90
F0501686,P002,911,1748,1.40
F1600491,P901,911,1748,12.20
F2300972,P201,911,1748,2.10
F0501686,P001,911,1748,1.50
F1700736,P601,911,1748,3.00
F2300972,P101,911,1748,1.80
F2300972,P301,911,1754,2.30
F0701702,P001,911,1754,1.40
F0701702,P002,911,1754,7.30
F1700736,P701,911,1754,1.90
F0501686,P002,911,1754,1.40
F1600491,P901,911,1754,12.30
F2300972,P201,911,1754,2.10
F0501686,P001,911,1754,1.50
F1700736,P601,911,1754,3.00
F2300972,P101,911,1754,1.80
F0501686,P002,924,1800,7.00
F0701702,P001,922,1800,0.00
F0701702,P001,923,1800,0.00
F0701702,P002,922,1800,30.00
F1600491,P901,922,1800,22.00
F1700736,P601,922,1800,8.00
F1700736,P701,923,1800,19.00
F2300972,P101,924,1800,55.00
F2300972,P201,922,1800,3.00
F2300972,P301,911,1800,2.60
F0501686,P001,924,1800,2.00
F0701702,P002,911,1800,7.70
F1600491,P901,911,1800,12.20
F2300972,P101,911,1800,1.80
F2300972,P201,911,1800,2.20
F2300972,P301,923,1800,65.00
F0501686,P001,922,1800,8.00
F0501686,P002,922,1800,14.00
F0501686,P002,923,1800,83.00
F0701702,P001,911,1800,1.40
F0701702,P002,923,1800,66.00
F1700736,P601,911,1800,3.00
F1700736,P701,911,1800,2.00
F2300972,P101,922,1800,5.00
F2300972,P201,923,1800,86.00
F2300972,P301,924,1800,5.00
F0501686,P001,911,1800,1.50
F0501686,P001,923,1800,86.00
F0501686,P002,911,1800,1.40
F1600491,P901,923,1800,59.00
F1700736,P601,923,1800,21.00
F1700736,P701,922,1800,7.00
F2300972,P101,923,1800,67.00
F2300972,P201,924,1800,3.00
F2300972,P301,922,1800,6.00
F2300972,P301,911,1806,2.50
F0701702,P002,911,1806,7.30
F1600491,P901,911,1806,12.20
F2300972,P101,911,1806,1.80
F2300972,P201,911,1806,2.10
F0701702,P001,911,1806,1.30
F1700736,P601,911,1806,2.90
F1700736,P701,911,1806,1.90
F0501686,P001,911,1806,1.50
F0501686,P002,911,1806,1.40
F2300972,P301,911,1812,2.50
F0701702,P002,911,1812,7.20
F1600491,P901,911,1812,12.20
F2300972,P101,911,1812,1.80
F2300972,P201,911,1812,2.20
F0701702,P001,911,1812,1.30
F1700736,P601,911,1812,2.90
F1700736,P701,911,1812,1.80
F0501686,P001,911,1812,1.50
F0501686,P002,911,1812,1.40
F0501686,P002,924,1815,4.00
F0701702,P001,922,1815,0.00
F0701702,P001,923,1815,0.00
F0701702,P002,922,1815,30.00
F1600491,P901,922,1815,22.00
F1700736,P601,922,1815,8.00
F1700736,P701,923,1815,20.00
F2300972,P101,924,1815,17.00
F2300972,P201,922,1815,4.00
F0501686,P001,924,1815,2.00
F2300972,P301,923,1815,63.00
F0501686,P001,922,1815,10.00
F0501686,P002,922,1815,14.00
F0501686,P002,923,1815,86.00
F0701702,P002,923,1815,68.00
F2300972,P101,922,1815,10.00
F2300972,P201,923,1815,92.00
F2300972,P301,924,1815,3.00
F0501686,P001,923,1815,97.00
F1600491,P901,923,1815,60.00
F1700736,P601,923,1815,21.00
F1700736,P701,922,1815,7.00
F2300972,P101,923,1815,69.00
F2300972,P201,924,1815,3.00
F2300972,P301,922,1815,5.00
F2300972,P301,911,1818,2.50
F0701702,P002,911,1818,7.30
F1600491,P901,911,1818,12.30
F2300972,P101,911,1818,1.80
F2300972,P201,911,1818,2.20
F0701702,P001,911,1818,1.30
F1700736,P601,911,1818,3.00
F1700736,P701,911,1818,1.80
F0501686,P001,911,1818,1.50
F0501686,P002,911,1818,1.50
F2300972,P301,911,1824,2.50
F0701702,P002,911,1824,7.20
F1600491,P901,911,1824,12.30
F2300972,P101,911,1824,1.80
F2300972,P201,911,1824,2.10
F0701702,P001,911,1824,1.30
F1700736,P601,911,1824,2.90
F1700736,P701,911,1824,1.90
F0501686,P001,911,1824,1.50
F0501686,P002,911,1824,1.40
F0501686,P002,924,1830,3.00
F0701702,P001,922,1830,0.00
F0701702,P001,923,1830,0.00
F0701702,P002,922,1830,30.00
F1600491,P901,922,1830,22.00
F1700736,P601,922,1830,8.00
F1700736,P701,923,1830,19.00
F2300972,P101,924,1830,16.00
F2300972,P201,922,1830,7.00
F2300972,P301,911,1830,2.50
F0501686,P001,924,1830,4.00
F0701702,P002,911,1830,7.70
F1600491,P901,911,1830,12.20
F2300972,P101,911,1830,1.80
F2300972,P201,911,1830,2.10
F2300972,P301,923,1830,65.00
F0501686,P001,922,1830,9.00
F0501686,P002,922,1830,14.00
F0501686,P002,923,1830,95.00
F0701702,P001,911,1830,1.30
F0701702,P002,923,1830,69.00
F1700736,P601,911,1830,2.90
F1700736,P701,911,1830,1.90
F2300972,P101,922,1830,13.00
F2300972,P201,923,1830,77.00
F2300972,P301,924,1830,6.00
F0501686,P001,911,1830,1.50
F0501686,P001,923,1830,90.00
F0501686,P002,911,1830,1.40
F1600491,P901,923,1830,59.00
F1700736,P601,923,1830,21.00
F1700736,P701,922,1830,7.00
F2300972,P101,923,1830,71.00
F2300972,P201,924,1830,3.00
F2300972,P301,922,1830,5.00
F2300972,P301,911,1836,2.50
F0701702,P002,911,1836,7.30
F1600491,P901,911,1836,12.20
F2300972,P101,911,1836,1.80
F2300972,P201,911,1836,2.10
F0701702,P001,911,1836,1.30
F1700736,P601,911,1836,2.90
F1700736,P701,911,1836,1.90
F0501686,P001,911,1836,1.50
F0501686,P002,911,1836,1.40
F2300972,P301,911,1842,2.60
F0701702,P002,911,1842,7.20
F1600491,P901,911,1842,12.30
F2300972,P101,911,1842,1.80
F2300972,P201,911,1842,2.20
F0701702,P001,911,1842,1.30
F1700736,P601,911,1842,2.90
F1700736,P701,911,1842,1.90
F0501686,P001,911,1842,1.50
F0501686,P002,911,1842,1.40
F0501686,P002,924,1845,4.00
F0701702,P001,922,1845,0.00
F0701702,P001,923,1845,0.00
F0701702,P002,922,1845,28.00
F1600491,P901,922,1845,23.00
F1700736,P601,922,1845,8.00
F1700736,P701,923,1845,19.00
F2300972,P101,924,1845,8.00
F2300972,P201,922,1845,10.00
F0501686,P001,924,1845,6.00
F2300972,P301,923,1845,60.00
F0501686,P001,922,1845,10.00
F0501686,P002,922,1845,15.00
F0501686,P002,923,1845,92.00
F0701702,P002,923,1845,65.00
F2300972,P101,922,1845,6.00
F2300972,P201,923,1845,77.00
F2300972,P301,924,1845,36.00
F0501686,P001,923,1845,84.00
F1600491,P901,923,1845,59.00
F1700736,P601,923,1845,21.00
F1700736,P701,922,1845,7.00
F2300972,P101,923,1845,76.00
F2300972,P201,924,1845,3.00
F2300972,P301,922,1845,7.00
F2300972,P301,911,1848,2.50
F0701702,P002,911,1848,7.20
F1600491,P901,911,1848,12.30
F2300972,P101,911,1848,1.80
F2300972,P201,911,1848,2.20
F0701702,P001,911,1848,1.30
F1700736,P601,911,1848,2.90
F1700736,P701,911,1848,1.90
F0501686,P001,911,1848,1.50
F0501686,P002,911,1848,1.40
F2300972,P301,911,1854,2.50
F0701702,P002,911,1854,7.30
F1600491,P901,911,1854,12.30
F2300972,P101,911,1854,1.80
F2300972,P201,911,1854,2.20
F0701702,P001,911,1854,1.30
F1700736,P601,911,1854,2.90
F1700736,P701,911,1854,1.90
F0501686,P001,911,1854,1.50
F0501686,P002,911,1854,1.40
F0501686,P001,923,1900,93.00
F0701702,P002,911,1900,7.70
F1700736,P601,911,1900,2.90
F1700736,P701,911,1900,1.90
F2300972,P101,922,1900,6.00
F2300972,P201,924,1900,3.00
F0501686,P001,922,1900,8.00
F0501686,P002,922,1900,14.00
F0501686,P002,924,1900,7.00
F0701702,P001,911,1900,1.30
F0701702,P001,923,1900,0.00
F0701702,P002,922,1900,30.00
F1600491,P901,922,1900,23.00
F1700736,P601,922,1900,9.00
F1700736,P701,923,1900,20.00
F2300972,P101,924,1900,8.00
F2300972,P301,923,1900,66.00
F0501686,P001,924,1900,4.00
F0501686,P002,911,1900,1.50
F0501686,P002,923,1900,80.00
F1600491,P901,911,1900,12.20
F1700736,P701,922,1900,7.00
F2300972,P101,923,1900,78.00
F2300972,P201,911,1900,2.40
F2300972,P301,922,1900,6.00
F2300972,P301,924,1900,15.00
F0501686,P001,911,1900,1.50
F0701702,P001,922,1900,0.00
F0701702,P002,923,1900,69.00
F1600491,P901,923,1900,59.00
F1700736,P601,923,1900,20.00
F2300972,P101,911,1900,1.80
F2300972,P201,922,1900,9.00
F2300972,P201,923,1900,83.00
F2300972,P301,911,1900,2.60
F0701702,P002,911,1906,7.30
F1700736,P601,911,1906,2.80
F1700736,P701,911,1906,1.80
F0701702,P001,911,1906,1.30
F0501686,P002,911,1906,1.40
F1600491,P901,911,1906,12.30
F2300972,P201,911,1906,2.40
F0501686,P001,911,1906,1.50
F2300972,P101,911,1906,1.80
F2300972,P301,911,1906,2.70
F0701702,P002,911,1912,7.20
F1700736,P601,911,1912,2.90
F1700736,P701,911,1912,1.90
F0701702,P001,911,1912,1.30
F0501686,P002,911,1912,1.40
F1600491,P901,911,1912,12.30
F2300972,P201,911,1912,2.30
F0501686,P001,911,1912,1.50
F2300972,P101,911,1912,1.80
F2300972,P301,911,1912,2.50
F0501686,P001,923,1915,105.00
F2300972,P101,922,1915,11.00
F2300972,P201,924,1915,3.00
F0501686,P001,922,1915,9.00
F0501686,P002,922,1915,14.00
F0501686,P002,924,1915,16.00
F0701702,P001,923,1915,0.00
F0701702,P002,922,1915,29.00
F1600491,P901,922,1915,23.00
F1700736,P601,922,1915,10.00
F1700736,P701,923,1915,18.00
F2300972,P101,924,1915,15.00
F2300972,P301,923,1915,50.00
F0501686,P001,924,1915,1.00
F0501686,P002,923,1915,74.00
F1700736,P701,922,1915,8.00
F2300972,P101,923,1915,79.00
F2300972,P301,922,1915,9.00
F2300972,P301,924,1915,117.00
F0701702,P001,922,1915,0.00
F0701702,P002,923,1915,67.00
F1600491,P901,923,1915,60.00
F1700736,P601,923,1915,18.00
F2300972,P201,922,1915,9.00
F2300972,P201,923,1915,86.00
F0701702,P002,911,1918,7.30
F1700736,P601,911,1918,3.00
F1700736,P701,911,1918,1.90
F0701702,P001,911,1918,1.30
F0501686,P002,911,1918,1.40
F1600491,P901,911,1918,12.30
F2300972,P201,911,1918,2.20
F0501686,P001,911,1918,1.50
F2300972,P101,911,1918,1.80
F2300972,P301,911,1918,2.50
F0701702,P002,911,1924,7.30
F1700736,P601,911,1924,3.00
F1700736,P701,911,1924,2.10
F0701702,P001,911,1924,1.30
F0501686,P002,911,1924,1.50
F1600491,P901,911,1924,12.30
F2300972,P201,911,1924,2.20
F0501686,P001,911,1924,1.50
F2300972,P101,911,1924,1.80
F2300972,P301,911,1924,2.60
F0501686,P001,923,1930,109.00
F0701702,P002,911,1930,7.60
F1700736,P601,911,1930,3.00
F1700736,P701,911,1930,2.30
F0501686,P001,922,1930,8.00
F0501686,P002,922,1930,14.00
F0501686,P002,924,1930,19.00
F0701702,P001,911,1930,1.30
F0701702,P001,923,1930,0.00
F0701702,P002,922,1930,30.00
F1600491,P901,922,1930,24.00
F1700736,P601,922,1930,11.00
F1700736,P701,923,1930,9.00
F0501686,P001,924,1930,0.00
F0501686,P002,911,1930,1.40
F0501686,P002,923,1930,83.00
F1600491,P901,911,1930,12.30
F1700736,P701,922,1930,10.00
F2300972,P201,911,1930,2.20
F0501686,P001,911,1930,1.50
F0701702,P001,922,1930,0.00
F0701702,P002,923,1930,64.00
F1600491,P901,923,1930,59.00
F1700736,P601,923,1930,18.00
F2300972,P101,911,1930,1.80
F2300972,P301,911,1930,2.70
F0701702,P002,911,1936,7.30
F1700736,P601,911,1936,2.90
F1700736,P701,911,1936,2.40
F0701702,P001,911,1936,1.30
F0501686,P002,911,1936,1.40
F1600491,P901,911,1936,12.30
F0501686,P001,911,1936,1.50
F0701702,P002,911,1942,7.30
F1700736,P601,911,1942,3.00
F1700736,P701,911,1942,2.50
F0701702,P001,911,1942,1.30
F0501686,P002,911,1942,1.40
F1600491,P901,911,1942,12.30
F0501686,P001,911,1942,1.50
F0701702,P002,911,1948,7.20
F0701702,P001,911,1948,1.30
F0501686,P002,911,1948,1.40
F1600491,P901,911,1948,12.30
F0501686,P001,911,1948,1.50
F0501686,P001,922,2000,8.00
F0501686,P001,924,2000,1.00
F0501686,P002,911,2000,1.50
F0501686,P002,923,2000,79.00
F0701702,P001,911,2000,1.30
F0701702,P001,923,2000,0.00
F0701702,P002,922,2000,31.00
F1700736,P601,911,2000,3.00
F1700736,P701,911,2000,2.60
F2300972,P101,923,2000,91.00
F0501686,P001,923,2000,96.00
F0501686,P002,924,2000,5.00
F0701702,P001,922,2000,0.00
F0701702,P002,923,2000,65.00
F1600491,P901,923,2000,58.00
F1700736,P601,923,2000,19.00
F1700736,P701,922,2000,11.00
F2300972,P101,911,2000,1.80
F2300972,P201,911,2000,2.10
F2300972,P301,911,2000,2.50
F0501686,P002,922,2000,13.00
F0701702,P002,911,2000,7.70
F1600491,P901,911,2000,12.30
F2300972,P101,922,2000,10.00
F2300972,P201,923,2000,82.00
F2300972,P301,922,2000,11.00
F2300972,P201,924,2000,4.00
F2300972,P301,923,2000,58.00
F0501686,P001,911,2000,1.50
F1600491,P901,922,2000,25.00
F1700736,P601,922,2000,11.00
F1700736,P701,923,2000,19.00
F2300972,P101,924,2000,5.00
F2300972,P201,922,2000,11.00
F2300972,P301,924,2000,91.00
F0501686,P002,911,2006,1.40
F0701702,P001,911,2006,1.30
F1700736,P601,911,2006,3.10
F1700736,P701,911,2006,2.60
F2300972,P101,911,2006,1.80
F2300972,P201,911,2006,2.20
F2300972,P301,911,2006,2.60
F0701702,P002,911,2006,7.30
F1600491,P901,911,2006,12.30
F0501686,P001,911,2006,1.50
F0501686,P002,911,2012,1.40
F0701702,P001,911,2012,1.30
F1700736,P601,911,2012,3.00
F1700736,P701,911,2012,2.50
F2300972,P101,911,2012,1.80
F2300972,P201,911,2012,2.20
F2300972,P301,911,2012,2.60
F0701702,P002,911,2012,7.20
F1600491,P901,911,2012,12.30
F0501686,P001,911,2012,1.50
F0501686,P001,922,2015,9.00
F0501686,P001,924,2015,1.00
F0501686,P002,923,2015,66.00
F0701702,P001,923,2015,0.00
F0701702,P002,922,2015,30.00
F2300972,P101,923,2015,82.00
F0501686,P001,923,2015,84.00
F0501686,P002,924,2015,26.00
F0701702,P001,922,2015,0.00
F0701702,P002,923,2015,67.00
F1600491,P901,923,2015,59.00
F1700736,P601,923,2015,20.00
F1700736,P701,922,2015,11.00
F0501686,P002,922,2015,12.00
F2300972,P101,922,2015,9.00
F2300972,P201,923,2015,75.00
F2300972,P301,922,2015,6.00
F2300972,P201,924,2015,4.00
F2300972,P301,923,2015,70.00
F1600491,P901,922,2015,26.00
F1700736,P601,922,2015,11.00
F1700736,P701,923,2015,24.00
F2300972,P101,924,2015,7.00
F2300972,P201,922,2015,9.00
F2300972,P301,924,2015,17.00
F0501686,P002,911,2018,1.40
F0701702,P001,911,2018,1.30
F1700736,P601,911,2018,3.00
F1700736,P701,911,2018,2.50
F2300972,P101,911,2018,1.80
F2300972,P201,911,2018,2.00
F2300972,P301,911,2018,2.40
F0701702,P002,911,2018,7.20
F1600491,P901,911,2018,12.30
F0501686,P001,911,2018,1.50
F0501686,P002,911,2024,1.40
F0701702,P001,911,2024,1.30
F1700736,P601,911,2024,3.00
F1700736,P701,911,2024,2.50
F2300972,P101,911,2024,1.80
F2300972,P201,911,2024,2.10
F2300972,P301,911,2024,2.20
F0701702,P002,911,2024,7.20
F1600491,P901,911,2024,12.30
F0501686,P001,911,2024,1.50
F0501686,P001,922,2030,13.00
F0501686,P001,924,2030,5.00
F0501686,P002,911,2030,1.40
F0501686,P002,923,2030,88.00
F0701702,P001,911,2030,1.30
F0701702,P001,923,2030,0.00
F0701702,P002,922,2030,31.00
F1700736,P601,911,2030,2.90
F1700736,P701,911,2030,2.60
F2300972,P101,923,2030,92.00
F0501686,P001,923,2030,88.00
F0501686,P002,924,2030,15.00
F0701702,P001,922,2030,0.00
F0701702,P002,923,2030,64.00
F1600491,P901,923,2030,59.00
F1700736,P601,923,2030,20.00
F1700736,P701,922,2030,11.00
F2300972,P101,911,2030,1.80
F2300972,P201,911,2030,2.20
F2300972,P301,911,2030,2.20
F0501686,P002,922,2030,13.00
F0701702,P002,911,2030,7.60
F1600491,P901,911,2030,12.40
F2300972,P101,922,2030,8.00
F2300972,P201,923,2030,86.00
F2300972,P301,922,2030,6.00
F2300972,P201,924,2030,4.00
F2300972,P301,923,2030,68.00
F0501686,P001,911,2030,1.50
F1600491,P901,922,2030,26.00
F1700736,P601,922,2030,10.00
F1700736,P701,923,2030,22.00
F2300972,P101,924,2030,12.00
F2300972,P201,922,2030,10.00
F2300972,P301,924,2030,12.00
F0501686,P002,911,2036,1.40
F0701702,P001,911,2036,1.30
F1700736,P601,911,2036,3.00
F1700736,P701,911,2036,2.50
F2300972,P101,911,2036,1.80
F2300972,P201,911,2036,2.20
F2300972,P301,911,2036,2.30
F0701702,P002,911,2036,7.30
F1600491,P901,911,2036,12.30
F0501686,P001,911,2036,1.50
F0501686,P002,911,2042,1.50
F0701702,P001,911,2042,1.30
F1700736,P601,911,2042,2.90
F1700736,P701,911,2042,2.70
F2300972,P101,911,2042,1.80
F2300972,P201,911,2042,2.30
F2300972,P301,911,2042,2.30
F0701702,P002,911,2042,7.20
F1600491,P901,911,2042,12.30
F0501686,P001,911,2042,1.50
F0501686,P001,922,2045,9.00
F0501686,P001,924,2045,7.00
F0501686,P002,923,2045,65.00
F0701702,P001,923,2045,0.00
F0701702,P002,922,2045,32.00
F0501686,P001,923,2045,85.00
F0501686,P002,924,2045,33.00
F0701702,P001,922,2045,0.00
F0701702,P002,923,2045,67.00
F1600491,P901,923,2045,59.00
F1700736,P601,923,2045,20.00
F1700736,P701,922,2045,10.00
F0501686,P002,922,2045,12.00
F2300972,P101,922,2045,10.00
F2300972,P201,923,2045,87.00
F2300972,P301,922,2045,5.00
F2300972,P101,923,2045,96.00
F2300972,P201,924,2045,8.00
F2300972,P301,923,2045,67.00
F1600491,P901,922,2045,23.00
F1700736,P601,922,2045,11.00
F1700736,P701,923,2045,21.00
F2300972,P101,924,2045,7.00
F2300972,P201,922,2045,10.00
F2300972,P301,924,2045,13.00
F0501686,P002,911,2048,1.40
F0701702,P001,911,2048,1.30
F1700736,P601,911,2048,3.00
F1700736,P701,911,2048,2.60
F2300972,P101,911,2048,1.80
F2300972,P201,911,2048,2.20
F2300972,P301,911,2048,2.40
F0701702,P002,911,2048,7.30
F1600491,P901,911,2048,12.30
F0501686,P001,911,2048,1.50
F0501686,P002,911,2054,1.40
F0701702,P001,911,2054,1.30
F1700736,P601,911,2054,3.00
F1700736,P701,911,2054,2.50
F2300972,P101,911,2054,1.80
F2300972,P201,911,2054,2.30
F2300972,P301,911,2054,2.60
F0701702,P002,911,2054,7.20
F1600491,P901,911,2054,12.30
F0501686,P001,911,2054,1.50
F0501686,P001,911,2100,1.50
F0501686,P002,922,2100,13.00
F0501686,P002,923,2100,77.00
F0701702,P001,911,2100,1.30
F0701702,P001,923,2100,0.00
F0701702,P002,922,2100,30.00
F1700736,P601,911,2100,3.00
F1700736,P701,922,2100,10.00
F2300972,P101,923,2100,91.00
F2300972,P201,922,2100,13.00
F2300972,P301,911,2100,2.60
F0501686,P001,923,2100,90.00
F0701702,P002,911,2100,7.70
F1600491,P901,923,2100,59.00
F1700736,P701,911,2100,2.60
F2300972,P101,911,2100,1.80
F2300972,P201,911,2100,2.20
F2300972,P301,924,2100,19.00
F0501686,P001,922,2100,11.00
F0501686,P001,924,2100,4.00
F0501686,P002,911,2100,1.40
F1600491,P901,922,2100,26.00
F1700736,P601,922,2100,10.00
F1700736,P701,923,2100,21.00
F2300972,P201,924,2100,15.00
F2300972,P301,923,2100,66.00
F0501686,P002,924,2100,18.00
F0701702,P001,922,2100,0.00
F0701702,P002,923,2100,70.00
F1600491,P901,911,2100,12.30
F1700736,P601,923,2100,20.00
F2300972,P101,922,2100,11.00
F2300972,P101,924,2100,8.00
F2300972,P201,923,2100,78.00
F2300972,P301,922,2100,5.00
F0501686,P001,911,2106,1.50
F0701702,P001,911,2106,1.30
F1700736,P601,911,2106,3.00
F2300972,P301,911,2106,2.60
F0701702,P002,911,2106,7.30
F1700736,P701,911,2106,2.60
F2300972,P101,911,2106,1.80
F2300972,P201,911,2106,2.20
F0501686,P002,911,2106,1.50
F1600491,P901,911,2106,12.30
F0501686,P001,911,2112,1.50
F0701702,P001,911,2112,1.30
F1700736,P601,911,2112,3.00
F2300972,P301,911,2112,2.50
F0701702,P002,911,2112,7.20
F1700736,P701,911,2112,2.60
F2300972,P101,911,2112,1.80
F2300972,P201,911,2112,2.20
F0501686,P002,911,2112,1.40
F1600491,P901,911,2112,12.30
F0501686,P002,922,2115,14.00
F0501686,P002,923,2115,72.00
F0701702,P001,923,2115,0.00
F0701702,P002,922,2115,30.00
F1700736,P701,922,2115,10.00
F2300972,P101,923,2115,94.00
F2300972,P201,922,2115,8.00
F0501686,P001,923,2115,85.00
F1600491,P901,923,2115,57.00
F2300972,P301,924,2115,15.00
F0501686,P001,922,2115,11.00
F0501686,P001,924,2115,3.00
F1600491,P901,922,2115,26.00
F1700736,P601,922,2115,10.00
F1700736,P701,923,2115,20.00
F2300972,P201,924,2115,5.00
F2300972,P301,923,2115,68.00
F0501686,P002,924,2115,10.00
F0701702,P001,922,2115,0.00
F0701702,P002,923,2115,66.00
F1700736,P601,923,2115,21.00
F2300972,P101,922,2115,10.00
F2300972,P101,924,2115,11.00
F2300972,P201,923,2115,86.00
F2300972,P301,922,2115,9.00
F0501686,P001,911,2118,1.50
F0701702,P001,911,2118,1.30
F1700736,P601,911,2118,3.00
F2300972,P301,911,2118,2.70
F0701702,P002,911,2118,7.20
F1700736,P701,911,2118,2.60
F2300972,P101,911,2118,1.80
F2300972,P201,911,2118,2.30
F0501686,P002,911,2118,1.40
F1600491,P901,911,2118,12.30
F0501686,P001,911,2124,1.50
F0701702,P001,911,2124,1.30
F1700736,P601,911,2124,3.00
F2300972,P301,911,2124,2.70
F0701702,P002,911,2124,7.20
F1700736,P701,911,2124,2.60
F2300972,P101,911,2124,1.80
F2300972,P201,911,2124,2.30
F0501686,P002,911,2124,1.40
F1600491,P901,911,2124,12.40
F0501686,P001,911,2130,1.50
F0501686,P002,922,2130,14.00
F0501686,P002,923,2130,71.00
F0701702,P001,911,2130,1.30
F0701702,P001,923,2130,0.00
F0701702,P002,922,2130,31.00
F1700736,P601,911,2130,3.00
F1700736,P701,922,2130,10.00
F2300972,P101,923,2130,86.00
F2300972,P201,922,2130,9.00
F2300972,P301,911,2130,2.60
F0501686,P001,923,2130,92.00
F0701702,P002,911,2130,7.60
F1600491,P901,923,2130,60.00
F1700736,P701,911,2130,2.60
F2300972,P101,911,2130,1.80
F2300972,P201,911,2130,2.20
F2300972,P301,924,2130,14.00
F0501686,P001,922,2130,9.00
F0501686,P001,924,2130,2.00
F0501686,P002,911,2130,1.40
F1600491,P901,922,2130,26.00
F1700736,P601,922,2130,10.00
F1700736,P701,923,2130,20.00
F2300972,P201,924,2130,4.00
F2300972,P301,923,2130,63.00
F0501686,P002,924,2130,17.00
F0701702,P001,922,2130,0.00
F0701702,P002,923,2130,64.00
F1600491,P901,911,2130,12.30
F1700736,P601,923,2130,21.00
F2300972,P101,922,2130,7.00
F2300972,P101,924,2130,5.00
F2300972,P201,923,2130,80.00
F2300972,P301,922,2130,5.00
F0501686,P001,911,2136,1.50
F0701702,P001,911,2136,1.30
F1700736,P601,911,2136,2.90
F2300972,P301,911,2136,2.60
F0701702,P002,911,2136,7.20
F1700736,P701,911,2136,2.60
F2300972,P101,911,2136,1.80
F2300972,P201,911,2136,2.10
F0501686,P002,911,2136,1.40
F1600491,P901,911,2136,12.30
F0501686,P001,911,2142,1.50
F0701702,P001,911,2142,1.30
F1700736,P601,911,2142,3.00
F2300972,P301,911,2142,2.60
F0701702,P002,911,2142,7.20
F1700736,P701,911,2142,2.60
F2300972,P101,911,2142,1.80
F2300972,P201,911,2142,2.30
F0501686,P002,911,2142,1.50
F1600491,P901,911,2142,12.30
F0501686,P002,922,2145,13.00
F0501686,P002,923,2145,67.00
F0701702,P001,923,2145,0.00
F0701702,P002,922,2145,31.00
F1700736,P701,922,2145,10.00
F2300972,P101,923,2145,85.00
F2300972,P201,922,2145,9.00
F0501686,P001,923,2145,84.00
F1600491,P901,923,2145,57.00
F2300972,P301,924,2145,25.00
F0501686,P001,922,2145,11.00
F0501686,P001,924,2145,4.00
F1600491,P901,922,2145,24.00
F1700736,P601,922,2145,10.00
F1700736,P701,923,2145,19.00
F2300972,P201,924,2145,6.00
F2300972,P301,923,2145,64.00
F0501686,P002,924,2145,11.00
F0701702,P001,922,2145,0.00
F0701702,P002,923,2145,65.00
F1700736,P601,923,2145,20.00
F2300972,P101,922,2145,13.00
F2300972,P101,924,2145,12.00
F2300972,P201,923,2145,85.00
F2300972,P301,922,2145,5.00
F0501686,P001,911,2148,1.50
F0701702,P001,911,2148,1.30
F1700736,P601,911,2148,3.00
F2300972,P301,911,2148,2.40
F0701702,P002,911,2148,7.20
F1700736,P701,911,2148,2.60
F2300972,P101,911,2148,1.80
F2300972,P201,911,2148,2.30
F0501686,P002,911,2148,1.40
F1600491,P901,911,2148,12.30
F0501686,P001,911,2154,1.50
F0701702,P001,911,2154,1.40
F1700736,P601,911,2154,3.00
F2300972,P301,911,2154,2.50
F0701702,P002,911,2154,7.20
F1700736,P701,911,2154,2.50
F2300972,P101,911,2154,1.80
F2300972,P201,911,2154,2.30
F0501686,P002,911,2154,1.40
F1600491,P901,911,2154,12.30
F0501686,P002,924,2200,8.00
F0701702,P001,922,2200,0.00
F0701702,P002,923,2200,66.00
F1600491,P901,922,2200,24.00
F1700736,P601,922,2200,10.00
F1700736,P701,923,2200,19.00
F2300972,P101,924,2200,3.00
F2300972,P201,922,2200,10.00
F2300972,P301,911,2200,2.60
F0501686,P001,911,2200,1.50
F0501686,P001,923,2200,90.00
F0501686,P002,911,2200,1.40
F0701702,P002,911,2200,7.80
F1600491,P901,911,2200,12.30
F2300972,P101,911,2200,1.80
F2300972,P201,924,2200,3.00
F2300972,P301,922,2200,5.00
F1700736,P601,911,2200,3.00
F1700736,P701,911,2200,2.60
F2300972,P101,923,2200,90.00
F2300972,P201,911,2200,2.20
F2300972,P301,923,2200,70.00
F0501686,P001,922,2200,9.00
F0501686,P001,924,2200,3.00
F0501686,P002,922,2200,13.00
F0501686,P002,923,2200,67.00
F0701702,P001,911,2200,1.40
F0701702,P001,923,2200,0.00
F0701702,P002,922,2200,31.00
F1600491,P901,923,2200,57.00
F1700736,P601,923,2200,21.00
F1700736,P701,922,2200,10.00
F2300972,P101,922,2200,11.00
F2300972,P201,923,2200,79.00
F2300972,P301,924,2200,20.00
F2300972,P301,911,2206,2.60
F0501686,P001,911,2206,1.50
F0501686,P002,911,2206,1.40
F0701702,P002,911,2206,7.30
F1600491,P901,911,2206,12.30
F2300972,P101,911,2206,1.80
F1700736,P601,911,2206,3.00
F1700736,P701,911,2206,2.60
F2300972,P201,911,2206,2.30
F0701702,P001,911,2206,1.30
F2300972,P301,911,2212,2.50
F0501686,P001,911,2212,1.50
F0501686,P002,911,2212,1.40
F0701702,P002,911,2212,7.20
F1600491,P901,911,2212,12.30
F2300972,P101,911,2212,1.80
F1700736,P601,911,2212,3.00
F1700736,P701,911,2212,2.50
F2300972,P201,911,2212,2.40
F0701702,P001,911,2212,1.30
F0501686,P002,924,2215,12.00
F0701702,P001,922,2215,0.00
F0701702,P002,923,2215,64.00
F1600491,P901,922,2215,25.00
F1700736,P601,922,2215,10.00
F1700736,P701,923,2215,19.00
F2300972,P101,924,2215,3.00
F2300972,P201,922,2215,8.00
F0501686,P001,923,2215,97.00
F2300972,P201,924,2215,3.00
F2300972,P301,922,2215,5.00
F2300972,P101,923,2215,85.00
F2300972,P301,923,2215,67.00
F0501686,P001,922,2215,9.00
F0501686,P001,924,2215,2.00
F0501686,P002,922,2215,14.00
F0501686,P002,923,2215,67.00
F0701702,P001,923,2215,0.00
F0701702,P002,922,2215,30.00
F1600491,P901,923,2215,58.00
F1700736,P601,923,2215,20.00
F1700736,P701,922,2215,11.00
F2300972,P101,922,2215,7.00
F2300972,P201,923,2215,85.00
F2300972,P301,924,2215,13.00
F2300972,P301,911,2218,2.60
F0501686,P001,911,2218,1.50
F0501686,P002,911,2218,1.40
F0701702,P002,911,2218,7.20
F1600491,P901,911,2218,12.30
F2300972,P101,911,2218,1.80
F1700736,P601,911,2218,2.90
F1700736,P701,911,2218,2.60
F2300972,P201,911,2218,2.50
F0701702,P001,911,2218,1.40
F2300972,P301,911,2224,2.60
F0501686,P001,911,2224,1.50
F0501686,P002,911,2224,1.40
F0701702,P002,911,2224,7.20
F1600491,P901,911,2224,12.30
F2300972,P101,911,2224,1.80
F1700736,P601,911,2224,3.00
F1700736,P701,911,2224,2.60
F2300972,P201,911,2224,2.30
F0701702,P001,911,2224,1.40
F0501686,P002,924,2230,10.00
F0701702,P001,922,2230,0.00
F0701702,P002,923,2230,65.00
F1600491,P901,922,2230,25.00
F1700736,P601,922,2230,10.00
F1700736,P701,923,2230,19.00
F2300972,P101,924,2230,3.00
F2300972,P201,922,2230,10.00
F2300972,P301,911,2230,2.50
F0501686,P001,911,2230,1.50
F0501686,P001,923,2230,89.00
F0501686,P002,911,2230,1.40
F0701702,P002,911,2230,7.60
F1600491,P901,911,2230,12.30
F2300972,P101,911,2230,1.80
F2300972,P201,924,2230,3.00
F2300972,P301,922,2230,5.00
F1700736,P601,911,2230,3.00
F1700736,P701,911,2230,2.50
F2300972,P101,923,2230,85.00
F2300972,P201,911,2230,2.30
F2300972,P301,923,2230,77.00
F0501686,P001,922,2230,10.00
F0501686,P001,924,2230,2.00
F0501686,P002,922,2230,14.00
F0501686,P002,923,2230,68.00
F0701702,P001,911,2230,1.40
F0701702,P001,923,2230,0.00
F0701702,P002,922,2230,31.00
F1600491,P901,923,2230,51.00
F1700736,P601,923,2230,20.00
F1700736,P701,922,2230,10.00
F2300972,P101,922,2230,7.00
F2300972,P201,923,2230,79.00
F2300972,P301,924,2230,5.00
F2300972,P301,911,2236,2.60
F0501686,P001,911,2236,1.50
F0501686,P002,911,2236,1.40
F0701702,P002,911,2236,7.30
F1600491,P901,911,2236,12.30
F2300972,P101,911,2236,1.80
F1700736,P601,911,2236,3.00
F1700736,P701,911,2236,2.60
F2300972,P201,911,2236,2.50
F0701702,P001,911,2236,1.40
F2300972,P301,911,2242,2.50
F0501686,P001,911,2242,1.50
F0501686,P002,911,2242,1.40
F0701702,P002,911,2242,7.30
F1600491,P901,911,2242,12.30
F2300972,P101,911,2242,1.80
F1700736,P601,911,2242,2.90
F1700736,P701,911,2242,2.60
F2300972,P201,911,2242,2.40
F0701702,P001,911,2242,1.40
F0501686,P002,924,2245,7.00
F0701702,P001,922,2245,0.00
F0701702,P002,923,2245,37.00
F1600491,P901,922,2245,26.00
F1700736,P601,922,2245,11.00
F1700736,P701,923,2245,19.00
F2300972,P101,924,2245,3.00
F2300972,P201,922,2245,4.00
F0501686,P001,923,2245,88.00
F2300972,P201,924,2245,12.00
F2300972,P301,922,2245,5.00
F2300972,P101,923,2245,96.00
F2300972,P301,923,2245,74.00
F0501686,P001,922,2245,14.00
F0501686,P001,924,2245,4.00
F0501686,P002,922,2245,16.00
F0501686,P002,923,2245,88.00
F0701702,P001,923,2245,0.00
F0701702,P002,922,2245,19.00
F1600491,P901,923,2245,45.00
F1700736,P601,923,2245,21.00
F1700736,P701,922,2245,11.00
F2300972,P101,922,2245,5.00
F2300972,P201,923,2245,75.00
F2300972,P301,924,2245,3.00
F2300972,P301,911,2248,2.50
F0501686,P001,911,2248,1.50
F0501686,P002,911,2248,1.50
F0701702,P002,911,2248,7.30
F1600491,P901,911,2248,12.20
F2300972,P101,911,2248,1.80
F1700736,P601,911,2248,3.00
F1700736,P701,911,2248,2.60
F2300972,P201,911,2248,2.40
F0701702,P001,911,2248,1.40
F2300972,P301,911,2254,2.40
F0501686,P001,911,2254,1.50
F0501686,P002,911,2254,1.50
F0701702,P002,911,2254,7.30
F1600491,P901,911,2254,12.20
F2300972,P101,911,2254,1.80
F1700736,P601,911,2254,3.00
F1700736,P701,911,2254,2.60
F2300972,P201,911,2254,2.40
F0701702,P001,911,2254,1.40
F0501686,P002,911,2300,1.40
F0501686,P002,923,2300,69.00
F0701702,P001,922,2300,0.00
F0701702,P001,923,2300,0.00
F0701702,P002,911,2300,7.60
F1700736,P701,911,2300,2.60
F2300972,P101,911,2300,1.80
F2300972,P301,911,2300,2.40
F0501686,P002,924,2300,86.00
F0701702,P002,922,2300,17.00
F0701702,P002,923,2300,76.00
F1600491,P901,922,2300,22.00
F1700736,P601,911,2300,2.90
F1700736,P601,923,2300,21.00
F2300972,P101,924,2300,2.00
F2300972,P201,922,2300,3.00
F2300972,P301,922,2300,4.00
F0501686,P001,911,2300,1.50
F0501686,P001,923,2300,86.00
F0501686,P001,924,2300,3.00
F0501686,P002,922,2300,15.00
F2300972,P101,923,2300,90.00
F2300972,P201,911,2300,2.40
F2300972,P201,924,2300,10.00
F2300972,P301,923,2300,71.00
F0501686,P001,922,2300,14.00
F0701702,P001,911,2300,1.40
F1600491,P901,911,2300,12.20
F1600491,P901,923,2300,55.00
F1700736,P601,922,2300,10.00
F1700736,P701,922,2300,11.00
F1700736,P701,923,2300,19.00
F2300972,P101,922,2300,5.00
F2300972,P201,923,2300,82.00
F2300972,P301,924,2300,6.00
F0501686,P002,911,2306,1.50
F0701702,P002,911,2306,7.40
F1700736,P701,911,2306,2.60
F2300972,P101,911,2306,1.80
F2300972,P301,911,2306,2.30
F1700736,P601,911,2306,2.90
F0501686,P001,911,2306,1.50
F2300972,P201,911,2306,2.30
F0701702,P001,911,2306,1.40
F1600491,P901,911,2306,12.20
F0501686,P002,911,2312,1.40
F0701702,P002,911,2312,7.30
F1700736,P701,911,2312,2.60
F2300972,P101,911,2312,1.80
F2300972,P301,911,2312,2.50
F1700736,P601,911,2312,2.90
F0501686,P001,911,2312,1.50
F2300972,P201,911,2312,2.30
F0701702,P001,911,2312,1.40
F1600491,P901,911,2312,12.20
F0501686,P002,923,2315,84.00
F0701702,P001,922,2315,0.00
F0701702,P001,923,2315,0.00
F0501686,P002,924,2315,10.00
F0701702,P002,922,2315,19.00
F0701702,P002,923,2315,51.00
F1600491,P901,922,2315,27.00
F1700736,P601,923,2315,20.00
F2300972,P101,924,2315,2.00
F2300972,P201,922,2315,3.00
F2300972,P301,922,2315,3.00
F0501686,P001,923,2315,86.00
F0501686,P001,924,2315,5.00
F0501686,P002,922,2315,16.00
F2300972,P101,923,2315,86.00
F2300972,P201,924,2315,4.00
F2300972,P301,923,2315,70.00
F0501686,P001,922,2315,13.00
F1600491,P901,923,2315,57.00
F1700736,P601,922,2315,10.00
F1700736,P701,922,2315,11.00
F1700736,P701,923,2315,19.00
F2300972,P101,922,2315,6.00
F2300972,P201,923,2315,89.00
F2300972,P301,924,2315,6.00
F0501686,P002,911,2318,1.40
F0701702,P002,911,2318,7.30
F1700736,P701,911,2318,2.60
F2300972,P101,911,2318,1.80
F2300972,P301,911,2318,2.40
F1700736,P601,911,2318,2.90
F0501686,P001,911,2318,1.50
F2300972,P201,911,2318,2.30
F0701702,P001,911,2318,1.40
F1600491,P901,911,2318,12.20
F0501686,P002,911,2324,1.40
F0701702,P002,911,2324,7.30
F1700736,P701,911,2324,2.60
F2300972,P101,911,2324,1.80
F2300972,P301,911,2324,2.30
F1700736,P601,911,2324,3.00
F0501686,P001,911,2324,1.50
F2300972,P201,911,2324,2.10
F0701702,P001,911,2324,1.40
F1600491,P901,911,2324,12.20
F0501686,P002,911,2330,1.40
F0501686,P002,923,2330,86.00
F0701702,P001,922,2330,0.00
F0701702,P001,923,2330,0.00
F0701702,P002,911,2330,7.50
F1700736,P701,911,2330,2.60
F2300972,P101,911,2330,1.80
F2300972,P301,911,2330,2.40
F0501686,P002,924,2330,4.00
F0701702,P002,922,2330,19.00
F0701702,P002,923,2330,61.00
F1600491,P901,922,2330,27.00
F1700736,P601,911,2330,2.90
F1700736,P601,923,2330,21.00
F2300972,P101,924,2330,2.00
F2300972,P201,922,2330,4.00
F2300972,P301,922,2330,4.00
F0501686,P001,911,2330,1.50
F0501686,P001,923,2330,91.00
F0501686,P001,924,2330,3.00
F0501686,P002,922,2330,15.00
F2300972,P101,923,2330,99.00
F2300972,P201,911,2330,2.10
F2300972,P201,924,2330,4.00
F2300972,P301,923,2330,59.00
F0501686,P001,922,2330,9.00
F0701702,P001,911,2330,1.40
F1600491,P901,911,2330,12.20
F1600491,P901,923,2330,59.00
F1700736,P601,922,2330,10.00
F1700736,P701,922,2330,11.00
F1700736,P701,923,2330,19.00
F2300972,P101,922,2330,5.00
F2300972,P201,923,2330,88.00
F2300972,P301,924,2330,10.00
F0501686,P002,911,2336,1.40
F0701702,P002,911,2336,7.30
F1700736,P701,911,2336,2.70
F2300972,P101,911,2336,1.80
F2300972,P301,911,2336,2.40
F1700736,P601,911,2336,3.00
F0501686,P001,911,2336,1.50
F2300972,P201,911,2336,2.20
F0701702,P001,911,2336,1.40
F1600491,P901,911,2336,12.20
F0501686,P002,911,2342,1.40
F0701702,P002,911,2342,7.30
F1700736,P701,911,2342,2.60
F2300972,P101,911,2342,1.80
F2300972,P301,911,2342,2.50
F1700736,P601,911,2342,3.00
F0501686,P001,911,2342,1.50
F2300972,P201,911,2342,2.20
F0701702,P001,911,2342,1.40
F1600491,P901,911,2342,12.20
F0501686,P002,923,2345,81.00
F0701702,P001,922,2345,0.00
F0701702,P001,923,2345,0.00
F0501686,P002,924,2345,5.00
F0701702,P002,922,2345,22.00
F0701702,P002,923,2345,65.00
F1600491,P901,922,2345,27.00
F1700736,P601,923,2345,21.00
F2300972,P101,924,2345,3.00
F2300972,P201,922,2345,3.00
F2300972,P301,922,2345,4.00
F0501686,P001,923,2345,92.00
F0501686,P001,924,2345,2.00
F0501686,P002,922,2345,15.00
F2300972,P101,923,2345,87.00
F2300972,P201,924,2345,3.00
F2300972,P301,923,2345,63.00
F0501686,P001,922,2345,9.00
F1600491,P901,923,2345,58.00
F1700736,P601,922,2345,10.00
F1700736,P701,922,2345,12.00
F1700736,P701,923,2345,20.00
F2300972,P101,922,2345,5.00
F2300972,P201,923,2345,84.00
F2300972,P301,924,2345,6.00
F0501686,P002,911,2348,1.50
F0701702,P002,911,2348,7.20
F1700736,P701,911,2348,2.70
F2300972,P101,911,2348,1.80
F2300972,P301,911,2348,2.40
F1700736,P601,911,2348,2.90
F0501686,P001,911,2348,1.50
F2300972,P201,911,2348,2.10
F0701702,P001,911,2348,1.40
F1600491,P901,911,2348,12.20
F0501686,P002,911,2354,1.40
F0701702,P002,911,2354,7.30
F1700736,P701,911,2354,2.70
F2300972,P101,911,2354,1.80
F2300972,P301,911,2354,2.50
F1700736,P601,911,2354,3.00
F0501686,P001,911,2354,1.60
F2300972,P201,911,2354,2.10
F0701702,P001,911,2354,1.40
F1600491,P901,911,2354,12.30
