2016-07-04,1467561600,,,
F0701702,P001,922,0000,0.00
F0703948,P001,911,0000,1.00
F0703948,P002,922,0000,4.00
F0703948,P003,924,0000,22.00
F1600491,P901,911,0000,10.90
F1700736,P601,923,0000,16.00
F2300972,P101,911,0000,2.10
F0701702,P001,923,0000,0.00
F0701702,P002,923,0000,228.00
F0703948,P001,923,0000,109.00
F0703948,P002,911,0000,0.90
F0703948,P003,911,0000,2.20
F1600491,P501,922,0000,0.00
F1600491,P901,922,0000,57.00
F1700736,P601,911,0000,9.10
F2300972,P101,924,0000,6.00
F2300972,P201,922,0000,9.00
F2300972,P301,922,0000,9.00
F0701702,P002,911,0000,9.60
F0703948,P001,922,0000,6.00
F0703948,P002,924,0000,12.00
F0703948,P003,923,0000,97.00
F1600491,P501,923,0000,20.00
F1700736,P601,922,0000,5.00
F1700736,P701,911,0000,1.80
F1700736,P701,922,0000,0.00
F1700736,P701,923,0000,0.00
F2300972,P101,923,0000,82.00
F2300972,P301,911,0000,0.70
F0701702,P001,911,0000,0.00
F0701702,P002,922,0000,59.00
F0703948,P001,924,0000,24.00
F0703948,P002,923,0000,116.00
F0703948,P003,922,0000,12.00
F1600491,P501,911,0000,11.30
F1600491,P901,923,0000,245.00
F2300972,P101,922,0000,7.00
F2300972,P201,911,0000,1.10
F2300972,P201,924,0000,1.00
F2300972,P301,924,0000,2.00
F2300972,P201,923,0000,85.00
F2300972,P301,923,0000,86.00
F0501686,P001,911,0006,1.30
F0501686,P002,911,0006,1.40
F0703948,P001,911,0006,0.90
F1600491,P901,911,0006,10.90
F2300972,P101,911,0006,2.10
F0703948,P002,911,0006,0.90
F0703948,P003,911,0006,2.20
F1700736,P601,911,0006,9.10
F0701702,P002,911,0006,9.50
F1700736,P701,911,0006,1.80
F2300972,P301,911,0006,0.70
F0701702,P001,911,0006,0.00
F1600491,P501,911,0006,11.30
F2300972,P201,911,0006,1.10
F0501686,P001,911,0012,1.30
F0501686,P002,911,0012,1.40
F0703948,P001,911,0012,0.90
F1600491,P901,911,0012,11.00
F2300972,P101,911,0012,2.10
F0703948,P002,911,0012,0.90
F0703948,P003,911,0012,2.20
F1700736,P601,911,0012,9.20
F0701702,P002,911,0012,9.60
F1700736,P701,911,0012,1.80
F2300972,P301,911,0012,0.70
F0701702,P001,911,0012,0.00
F1600491,P501,911,0012,11.30
F2300972,P201,911,0012,1.10
F0501686,P001,923,0015,77.00
F0701702,P001,922,0015,0.00
F0703948,P002,922,0015,5.00
F0703948,P003,924,0015,23.00
F1700736,P601,923,0015,16.00
F0501686,P002,922,0015,7.00
F0501686,P002,923,0015,78.00
F0701702,P001,923,0015,0.00
F0701702,P002,923,0015,233.00
F0703948,P001,923,0015,98.00
F1600491,P501,922,0015,0.00
F1600491,P901,922,0015,40.00
F2300972,P101,924,0015,1.00
F2300972,P201,922,0015,6.00
F2300972,P301,922,0015,9.00
F0501686,P001,922,0015,10.00
F0501686,P001,924,0015,40.00
F0703948,P001,922,0015,8.00
F0703948,P002,924,0015,12.00
F0703948,P003,923,0015,115.00
F1600491,P501,923,0015,17.00
F1700736,P601,922,0015,6.00
F1700736,P701,922,0015,0.00
F1700736,P701,923,0015,0.00
F2300972,P101,923,0015,87.00
F0501686,P002,924,0015,12.00
F0701702,P002,922,0015,62.00
F0703948,P001,924,0015,22.00
F0703948,P002,923,0015,139.00
F0703948,P003,922,0015,12.00
F1600491,P901,923,0015,245.00
F2300972,P101,922,0015,8.00
F2300972,P201,924,0015,1.00
F2300972,P301,924,0015,4.00
F2300972,P201,923,0015,83.00
F2300972,P301,923,0015,76.00
F0501686,P001,911,0018,1.20
F0501686,P002,911,0018,1.40
F0703948,P001,911,0018,0.90
F1600491,P901,911,0018,11.00
F2300972,P101,911,0018,2.10
F0703948,P002,911,0018,0.90
F0703948,P003,911,0018,2.20
F1700736,P601,911,0018,9.10
F0701702,P002,911,0018,10.50
F1700736,P701,911,0018,1.80
F2300972,P301,911,0018,0.70
F0701702,P001,911,0018,0.00
F1600491,P501,911,0018,11.30
F2300972,P201,911,0018,1.00
F0501686,P001,911,0024,1.20
F0501686,P002,911,0024,1.40
F0703948,P001,911,0024,1.00
F1600491,P901,911,0024,10.90
F2300972,P101,911,0024,2.10
F0703948,P002,911,0024,0.90
F0703948,P003,911,0024,2.20
F1700736,P601,911,0024,9.10
F0701702,P002,911,0024,9.60
F1700736,P701,911,0024,1.80
F2300972,P301,911,0024,0.70
F0701702,P001,911,0024,0.00
F1600491,P501,911,0024,11.30
F2300972,P201,911,0024,0.90
F0501686,P001,911,0030,1.30
F0501686,P001,923,0030,90.00
F0501686,P002,911,0030,1.40
F0701702,P001,922,0030,0.00
F0703948,P001,911,0030,0.90
F0703948,P002,922,0030,5.00
F0703948,P003,924,0030,39.00
F1600491,P901,911,0030,10.90
F1700736,P601,923,0030,16.00
F2300972,P101,911,0030,2.10
F0501686,P002,922,0030,8.00
F0501686,P002,923,0030,94.00
F0701702,P001,923,0030,0.00
F0701702,P002,923,0030,220.00
F0703948,P001,923,0030,104.00
F0703948,P002,911,0030,0.90
F0703948,P003,911,0030,2.20
F1600491,P501,922,0030,0.00
F1600491,P901,922,0030,33.00
F1700736,P601,911,0030,9.10
F2300972,P101,924,0030,1.00
F2300972,P201,922,0030,5.00
F0501686,P001,922,0030,9.00
F0501686,P001,924,0030,16.00
F0701702,P002,911,0030,9.50
F0703948,P001,922,0030,9.00
F0703948,P002,924,0030,12.00
F0703948,P003,923,0030,118.00
F1600491,P501,923,0030,14.00
F1700736,P601,922,0030,5.00
F1700736,P701,911,0030,1.80
F1700736,P701,922,0030,0.00
F1700736,P701,923,0030,0.00
F2300972,P101,923,0030,94.00
F2300972,P301,911,0030,0.60
F2300972,P301,922,0030,15.00
F0501686,P002,924,0030,11.00
F0701702,P001,911,0030,0.00
F0701702,P002,922,0030,60.00
F0703948,P001,924,0030,33.00
F0703948,P002,923,0030,135.00
F0703948,P003,922,0030,8.00
F1600491,P501,911,0030,11.30
F1600491,P901,923,0030,247.00
F2300972,P101,922,0030,7.00
F2300972,P201,911,0030,1.00
F2300972,P201,924,0030,2.00
F2300972,P301,924,0030,18.00
F2300972,P201,923,0030,91.00
F2300972,P301,923,0030,81.00
F0501686,P001,911,0036,1.30
F0501686,P002,911,0036,1.40
F0703948,P001,911,0036,1.00
F1600491,P901,911,0036,10.90
F2300972,P101,911,0036,2.10
F0703948,P002,911,0036,0.90
F0703948,P003,911,0036,2.20
F1700736,P601,911,0036,9.10
F0701702,P002,911,0036,9.60
F1700736,P701,911,0036,1.80
F2300972,P301,911,0036,0.60
F0701702,P001,911,0036,0.00
F1600491,P501,911,0036,11.30
F2300972,P201,911,0036,0.90
F0501686,P001,911,0042,1.30
F0501686,P002,911,0042,1.40
F0703948,P001,911,0042,0.90
F1600491,P901,911,0042,10.90
F0703948,P002,911,0042,0.90
F0703948,P003,911,0042,2.20
F1700736,P601,911,0042,9.10
F0701702,P002,911,0042,9.50
F1700736,P701,911,0042,1.80
F0701702,P001,911,0042,0.00
F1600491,P501,911,0042,11.30
F0501686,P001,923,0045,90.00
F0701702,P001,922,0045,0.00
F0703948,P002,922,0045,3.00
F0703948,P003,924,0045,19.00
F1700736,P601,923,0045,16.00
F0501686,P002,922,0045,8.00
F0501686,P002,923,0045,93.00
F0701702,P001,923,0045,0.00
F0701702,P002,923,0045,219.00
F0703948,P001,923,0045,112.00
F1600491,P501,922,0045,0.00
F1600491,P901,922,0045,30.00
F0501686,P001,922,0045,12.00
F0501686,P001,924,0045,17.00
F0703948,P001,922,0045,8.00
F0703948,P002,924,0045,5.00
F0703948,P003,923,0045,116.00
F1600491,P501,923,0045,11.00
F1700736,P601,922,0045,5.00
F1700736,P701,922,0045,0.00
F1700736,P701,923,0045,0.00
F0501686,P002,924,0045,14.00
F0701702,P002,922,0045,59.00
F0703948,P001,924,0045,26.00
F0703948,P002,923,0045,124.00
F0703948,P003,922,0045,7.00
F1600491,P901,923,0045,250.00
F0501686,P001,911,0048,1.30
F0501686,P002,911,0048,1.40
F0703948,P001,911,0048,0.80
F1600491,P901,911,0048,10.90
F0703948,P002,911,0048,0.90
F0703948,P003,911,0048,2.20
F1700736,P601,911,0048,9.10
F0701702,P002,911,0048,10.40
F1700736,P701,911,0048,1.80
F0701702,P001,911,0048,0.00
F1600491,P501,911,0048,11.30
F0501686,P001,911,0054,1.30
F0501686,P002,911,0054,1.40
F0703948,P001,911,0054,0.90
F1600491,P901,911,0054,10.90
F0703948,P002,911,0054,0.90
F0703948,P003,911,0054,2.20
F1700736,P601,911,0054,9.10
F0701702,P002,911,0054,9.60
F1700736,P701,911,0054,1.80
F0701702,P001,911,0054,0.00
F1600491,P501,911,0054,11.30
F0701702,P001,922,0100,0.00
F0701702,P002,911,0100,9.60
F0703948,P001,922,0100,9.00
F0703948,P002,922,0100,3.00
F0703948,P003,911,0100,2.20
F1600491,P501,923,0100,10.00
F1700736,P601,923,0100,16.00
F2300972,P101,911,0100,2.10
F0703948,P001,911,0100,0.90
F0703948,P002,924,0100,12.00
F0703948,P003,922,0100,3.00
F1600491,P501,911,0100,11.30
F1600491,P901,911,0100,11.00
F1700736,P601,922,0100,5.00
F1700736,P701,911,0100,1.80
F1700736,P701,922,0100,0.00
F1700736,P701,923,0100,0.00
F2300972,P101,923,0100,91.00
F2300972,P201,924,0100,1.00
F0701702,P001,911,0100,0.00
F0701702,P002,922,0100,59.00
F0703948,P001,924,0100,26.00
F0703948,P002,923,0100,131.00
F0703948,P003,923,0100,82.00
F1600491,P501,922,0100,0.00
F1600491,P901,922,0100,28.00
F1700736,P601,911,0100,9.10
F2300972,P101,924,0100,2.00
F2300972,P201,923,0100,90.00
F2300972,P301,923,0100,84.00
F2300972,P301,924,0100,8.00
F0701702,P001,923,0100,0.00
F0701702,P002,923,0100,218.00
F0703948,P001,923,0100,97.00
F0703948,P002,911,0100,0.90
F0703948,P003,924,0100,52.00
F1600491,P901,923,0100,252.00
F2300972,P101,922,0100,10.00
F2300972,P201,911,0100,1.10
F2300972,P301,911,0100,0.70
F2300972,P201,922,0100,8.00
F2300972,P301,922,0100,14.00
F0501686,P001,911,0106,1.30
F0501686,P002,911,0106,1.40
F0701702,P002,911,0106,9.50
F0703948,P003,911,0106,2.20
F2300972,P101,911,0106,2.10
F0703948,P001,911,0106,0.90
F1600491,P501,911,0106,11.30
F1600491,P901,911,0106,10.90
F1700736,P701,911,0106,1.80
F0701702,P001,911,0106,0.00
F1700736,P601,911,0106,9.10
F0703948,P002,911,0106,0.90
F2300972,P201,911,0106,1.10
F2300972,P301,911,0106,0.60
F0501686,P001,911,0112,1.40
F0501686,P002,911,0112,1.40
F0701702,P002,911,0112,9.60
F0703948,P003,911,0112,2.30
F2300972,P101,911,0112,2.10
F0703948,P001,911,0112,0.80
F1600491,P501,911,0112,11.30
F1600491,P901,911,0112,10.90
F1700736,P701,911,0112,1.80
F0701702,P001,911,0112,0.00
F1700736,P601,911,0112,9.20
F0703948,P002,911,0112,0.90
F2300972,P201,911,0112,1.00
F2300972,P301,911,0112,0.70
F0501686,P001,923,0115,0.00
F0701702,P001,922,0115,0.00
F0703948,P001,922,0115,10.00
F0703948,P002,922,0115,4.00
F1600491,P501,923,0115,15.00
F1700736,P601,923,0115,16.00
F0703948,P002,924,0115,10.00
F0703948,P003,922,0115,5.00
F1700736,P601,922,0115,5.00
F1700736,P701,922,0115,0.00
F1700736,P701,923,0115,0.00
F2300972,P101,923,0115,81.00
F0501686,P002,924,0115,14.00
F0701702,P002,922,0115,59.00
F0703948,P001,924,0115,18.00
F0703948,P002,923,0115,111.00
F0703948,P003,923,0115,86.00
F1600491,P501,922,0115,0.00
F1600491,P901,922,0115,28.00
F2300972,P101,924,0115,3.00
F2300972,P201,923,0115,80.00
F2300972,P301,923,0115,89.00
F2300972,P201,924,0115,2.00
F2300972,P301,924,0115,3.00
F0501686,P001,922,0115,0.00
F0501686,P001,924,0115,0.00
F0501686,P002,922,0115,6.00
F0501686,P002,923,0115,91.00
F0701702,P001,923,0115,0.00
F0701702,P002,923,0115,220.00
F0703948,P001,923,0115,108.00
F0703948,P003,924,0115,11.00
F1600491,P901,923,0115,250.00
F2300972,P101,922,0115,7.00
F2300972,P201,922,0115,5.00
F2300972,P301,922,0115,13.00
F0501686,P001,911,0118,1.40
F0501686,P002,911,0118,1.40
F0701702,P002,911,0118,10.30
F0703948,P003,911,0118,2.20
F0703948,P001,911,0118,0.90
F1600491,P501,911,0118,11.30
F1600491,P901,911,0118,10.90
F1700736,P701,911,0118,1.80
F0701702,P001,911,0118,0.00
F1700736,P601,911,0118,9.20
F0703948,P002,911,0118,0.90
F2300972,P201,911,0118,1.10
F2300972,P301,911,0118,0.70
F2300972,P101,911,0118,2.10
F0501686,P001,911,0124,1.40
F0501686,P002,911,0124,1.40
F0701702,P002,911,0124,9.60
F0703948,P003,911,0124,2.20
F0703948,P001,911,0124,1.00
F1600491,P501,911,0124,11.30
F1600491,P901,911,0124,10.90
F1700736,P701,911,0124,1.80
F0701702,P001,911,0124,0.00
F1700736,P601,911,0124,9.20
F0703948,P002,911,0124,0.90
F2300972,P201,911,0124,1.00
F2300972,P301,911,0124,0.70
F2300972,P101,911,0124,2.10
F0501686,P001,911,0130,1.50
F0501686,P001,923,0130,110.00
F0501686,P002,911,0130,1.40
F0701702,P001,922,0130,0.00
F0701702,P002,911,0130,9.50
F0703948,P001,922,0130,9.00
F0703948,P002,922,0130,4.00
F0703948,P003,911,0130,2.20
F1600491,P501,923,0130,11.00
F1700736,P601,923,0130,16.00
F0703948,P001,911,0130,0.90
F0703948,P002,924,0130,13.00
F0703948,P003,922,0130,7.00
F1600491,P501,911,0130,11.30
F1600491,P901,911,0130,10.90
F1700736,P601,922,0130,6.00
F1700736,P701,911,0130,1.80
F1700736,P701,922,0130,0.00
F1700736,P701,923,0130,0.00
F2300972,P101,923,0130,88.00
F0501686,P002,924,0130,16.00
F0701702,P001,911,0130,0.00
F0701702,P002,922,0130,53.00
F0703948,P001,924,0130,25.00
F0703948,P002,923,0130,125.00
F0703948,P003,923,0130,83.00
F1600491,P501,922,0130,0.00
F1600491,P901,922,0130,27.00
F1700736,P601,911,0130,9.20
F2300972,P101,924,0130,2.00
F2300972,P201,923,0130,78.00
F2300972,P301,923,0130,93.00
F2300972,P201,924,0130,4.00
F2300972,P301,924,0130,2.00
F0501686,P001,922,0130,10.00
F0501686,P001,924,0130,17.00
F0501686,P002,922,0130,7.00
F0501686,P002,923,0130,91.00
F0701702,P001,923,0130,0.00
F0701702,P002,923,0130,220.00
F0703948,P001,923,0130,89.00
F0703948,P002,911,0130,0.90
F0703948,P003,924,0130,7.00
F1600491,P901,923,0130,249.00
F2300972,P101,922,0130,6.00
F2300972,P201,911,0130,1.10
F2300972,P301,911,0130,0.70
F2300972,P101,911,0130,2.10
F2300972,P201,922,0130,4.00
F2300972,P301,922,0130,14.00
F0501686,P001,911,0136,1.40
F0501686,P002,911,0136,1.50
F0701702,P002,911,0136,9.50
F0703948,P003,911,0136,2.30
F0703948,P001,911,0136,0.90
F1600491,P501,911,0136,11.30
F1600491,P901,911,0136,11.00
F1700736,P701,911,0136,1.80
F0701702,P001,911,0136,0.00
F1700736,P601,911,0136,9.30
F0703948,P002,911,0136,0.90
F2300972,P201,911,0136,1.10
F2300972,P301,911,0136,0.70
F2300972,P101,911,0136,2.10
F0501686,P001,911,0142,1.40
F0501686,P002,911,0142,1.40
F0701702,P002,911,0142,9.50
F0703948,P003,911,0142,2.20
F0703948,P001,911,0142,1.00
F1600491,P501,911,0142,11.30
F1600491,P901,911,0142,11.00
F1700736,P701,911,0142,1.80
F0701702,P001,911,0142,0.00
F1700736,P601,911,0142,9.30
F0703948,P002,911,0142,0.90
F0501686,P001,923,0145,81.00
F0701702,P001,922,0145,0.00
F0703948,P001,922,0145,7.00
F0703948,P002,922,0145,3.00
F1600491,P501,923,0145,9.00
F1700736,P601,923,0145,16.00
F0703948,P002,924,0145,13.00
F0703948,P003,922,0145,5.00
F1700736,P601,922,0145,6.00
F1700736,P701,922,0145,0.00
F1700736,P701,923,0145,0.00
F0501686,P002,924,0145,14.00
F0701702,P002,922,0145,51.00
F0703948,P001,924,0145,26.00
F0703948,P002,923,0145,108.00
F0703948,P003,923,0145,93.00
F1600491,P501,922,0145,0.00
F1600491,P901,922,0145,27.00
F0501686,P001,922,0145,9.00
F0501686,P001,924,0145,18.00
F0501686,P002,922,0145,9.00
F0501686,P002,923,0145,101.00
F0701702,P001,923,0145,0.00
F0701702,P002,923,0145,224.00
F0703948,P001,923,0145,106.00
F0703948,P003,924,0145,8.00
F1600491,P901,923,0145,247.00
F0501686,P001,911,0148,1.40
F0501686,P002,911,0148,1.40
F0701702,P002,911,0148,10.20
F0703948,P003,911,0148,2.20
F0703948,P001,911,0148,0.90
F1600491,P501,911,0148,11.30
F1600491,P901,911,0148,11.00
F1700736,P701,911,0148,1.80
F0701702,P001,911,0148,0.00
F1700736,P601,911,0148,9.30
F0703948,P002,911,0148,1.00
F0501686,P001,911,0154,1.40
F0501686,P002,911,0154,1.40
F0701702,P002,911,0154,9.50
F0703948,P003,911,0154,2.20
F0703948,P001,911,0154,0.90
F1600491,P501,911,0154,11.30
F1600491,P901,911,0154,10.90
F1700736,P701,911,0154,1.80
F0701702,P001,911,0154,0.00
F1700736,P601,911,0154,9.30
F0703948,P002,911,0154,0.90
F0701702,P001,911,0200,0.00
F0701702,P002,922,0200,46.00
F0703948,P001,924,0200,14.00
F0703948,P002,923,0200,77.00
F0703948,P003,922,0200,4.00
F1600491,P501,911,0200,11.30
F1600491,P901,911,0200,10.90
F0703948,P001,911,0200,1.00
F0703948,P002,922,0200,4.00
F0703948,P003,911,0200,2.30
F1600491,P501,922,0200,0.00
F1600491,P901,922,0200,27.00
F1700736,P601,911,0200,9.30
F2300972,P101,922,0200,8.00
F2300972,P201,911,0200,1.00
F1700736,P601,922,0200,5.00
F1700736,P701,911,0200,1.80
F1700736,P701,922,0200,0.00
F1700736,P701,923,0200,0.00
F2300972,P101,911,0200,2.10
F2300972,P201,923,0200,79.00
F2300972,P301,923,0200,85.00
F0701702,P001,922,0200,0.00
F0701702,P002,911,0200,9.50
F0703948,P001,922,0200,4.00
F0703948,P002,924,0200,16.00
F0703948,P003,923,0200,103.00
F1600491,P501,923,0200,10.00
F1700736,P601,923,0200,16.00
F2300972,P101,923,0200,95.00
F2300972,P201,922,0200,9.00
F2300972,P301,922,0200,13.00
F2300972,P301,924,0200,2.00
F2300972,P301,911,0200,0.70
F0701702,P001,923,0200,0.00
F0701702,P002,923,0200,217.00
F0703948,P001,923,0200,118.00
F0703948,P002,911,0200,0.90
F0703948,P003,924,0200,17.00
F1600491,P901,923,0200,246.00
F2300972,P101,924,0200,1.00
F2300972,P201,924,0200,2.00
F0501686,P001,911,0206,1.40
F0501686,P002,911,0206,1.40
F0701702,P001,911,0206,0.00
F1600491,P501,911,0206,11.30
F1600491,P901,911,0206,11.00
F0703948,P001,911,0206,0.90
F0703948,P003,911,0206,2.20
F1700736,P601,911,0206,9.30
F2300972,P201,911,0206,1.00
F1700736,P701,911,0206,1.80
F2300972,P101,911,0206,2.10
F0701702,P002,911,0206,9.50
F2300972,P301,911,0206,0.60
F0703948,P002,911,0206,0.90
F0501686,P001,911,0212,1.40
F0501686,P002,911,0212,1.40
F0701702,P001,911,0212,0.00
F1600491,P501,911,0212,11.30
F1600491,P901,911,0212,11.10
F0703948,P001,911,0212,0.80
F0703948,P003,911,0212,2.30
F1700736,P601,911,0212,9.30
F2300972,P201,911,0212,0.90
F1700736,P701,911,0212,1.80
F2300972,P101,911,0212,2.10
F0701702,P002,911,0212,9.50
F2300972,P301,911,0212,0.60
F0703948,P002,911,0212,0.90
F0501686,P001,923,0215,83.00
F0501686,P002,924,0215,0.00
F0701702,P002,922,0215,34.00
F0703948,P001,924,0215,16.00
F0703948,P002,923,0215,68.00
F0703948,P003,922,0215,4.00
F0501686,P001,922,0215,10.00
F0501686,P001,924,0215,19.00
F0501686,P002,922,0215,0.00
F0501686,P002,923,0215,0.00
F0703948,P002,922,0215,3.00
F1600491,P501,922,0215,0.00
F1600491,P901,922,0215,27.00
F2300972,P101,922,0215,11.00
F1700736,P601,922,0215,5.00
F1700736,P701,922,0215,0.00
F1700736,P701,923,0215,0.00
F2300972,P201,923,0215,84.00
F2300972,P301,923,0215,83.00
F0701702,P001,922,0215,0.00
F0703948,P001,922,0215,3.00
F0703948,P002,924,0215,19.00
F0703948,P003,923,0215,112.00
F1600491,P501,923,0215,10.00
F1700736,P601,923,0215,16.00
F2300972,P101,923,0215,104.00
F2300972,P201,922,0215,7.00
F2300972,P301,922,0215,14.00
F2300972,P301,924,0215,2.00
F0701702,P001,923,0215,0.00
F0701702,P002,923,0215,214.00
F0703948,P001,923,0215,96.00
F0703948,P003,924,0215,23.00
F1600491,P901,923,0215,247.00
F2300972,P101,924,0215,1.00
F2300972,P201,924,0215,2.00
F0501686,P001,911,0218,1.40
F0501686,P002,911,0218,1.40
F0701702,P001,911,0218,0.00
F1600491,P501,911,0218,11.30
F1600491,P901,911,0218,11.00
F0703948,P001,911,0218,0.90
F0703948,P003,911,0218,2.20
F1700736,P601,911,0218,9.30
F2300972,P201,911,0218,0.90
F1700736,P701,911,0218,1.80
F2300972,P101,911,0218,2.10
F0701702,P002,911,0218,10.20
F2300972,P301,911,0218,0.60
F0703948,P002,911,0218,0.90
F0501686,P001,911,0224,1.40
F0501686,P002,911,0224,1.40
F0701702,P001,911,0224,0.00
F1600491,P501,911,0224,11.30
F0703948,P001,911,0224,0.90
F0703948,P003,911,0224,2.30
F1700736,P601,911,0224,9.60
F2300972,P201,911,0224,0.90
F1600491,P901,911,0224,10.90
F1700736,P701,911,0224,1.80
F2300972,P101,911,0224,2.10
F0701702,P002,911,0224,9.50
F2300972,P301,911,0224,0.80
F0703948,P002,911,0224,0.90
F0501686,P001,911,0230,1.40
F0501686,P001,923,0230,65.00
F0501686,P002,911,0230,1.40
F0501686,P002,924,0230,17.00
F0701702,P001,911,0230,0.00
F0701702,P002,922,0230,30.00
F0703948,P001,924,0230,13.00
F0703948,P002,923,0230,70.00
F0703948,P003,922,0230,3.00
F1600491,P501,911,0230,11.30
F0501686,P001,922,0230,12.00
F0501686,P001,924,0230,22.00
F0501686,P002,922,0230,8.00
F0501686,P002,923,0230,65.00
F0703948,P001,911,0230,0.90
F0703948,P002,922,0230,3.00
F0703948,P003,911,0230,2.30
F1600491,P501,922,0230,0.00
F1600491,P901,922,0230,27.00
F1700736,P601,911,0230,9.30
F2300972,P101,922,0230,5.00
F2300972,P201,911,0230,0.90
F1600491,P901,911,0230,10.90
F1700736,P601,922,0230,6.00
F1700736,P701,911,0230,1.80
F1700736,P701,922,0230,0.00
F1700736,P701,923,0230,0.00
F2300972,P101,911,0230,2.10
F2300972,P201,923,0230,87.00
F2300972,P301,923,0230,85.00
F0701702,P001,922,0230,0.00
F0701702,P002,911,0230,9.50
F0703948,P001,922,0230,4.00
F0703948,P002,924,0230,35.00
F0703948,P003,923,0230,155.00
F1600491,P501,923,0230,12.00
F1700736,P601,923,0230,16.00
F2300972,P101,923,0230,87.00
F2300972,P201,922,0230,4.00
F2300972,P301,922,0230,13.00
F2300972,P301,924,0230,4.00
F2300972,P301,911,0230,0.70
F0701702,P001,923,0230,0.00
F0701702,P002,923,0230,212.00
F0703948,P001,923,0230,77.00
F0703948,P002,911,0230,0.90
F0703948,P003,924,0230,27.00
F1600491,P901,923,0230,247.00
F2300972,P101,924,0230,1.00
F2300972,P201,924,0230,1.00
F0501686,P001,911,0236,1.40
F0501686,P002,911,0236,1.40
F0701702,P001,911,0236,0.00
F1600491,P501,911,0236,11.40
F0703948,P001,911,0236,0.90
F0703948,P003,911,0236,2.30
F1700736,P601,911,0236,9.30
F2300972,P201,911,0236,0.90
F1600491,P901,911,0236,10.90
F1700736,P701,911,0236,1.80
F2300972,P101,911,0236,2.10
F0701702,P002,911,0236,9.50
F2300972,P301,911,0236,0.70
F0703948,P002,911,0236,0.90
F0501686,P001,911,0242,1.40
F0501686,P002,911,0242,1.40
F0701702,P001,911,0242,0.00
F1600491,P501,911,0242,11.30
F0703948,P001,911,0242,0.90
F0703948,P003,911,0242,2.30
F1700736,P601,911,0242,9.30
F1600491,P901,911,0242,10.90
F1700736,P701,911,0242,1.80
F0701702,P002,911,0242,9.50
F0703948,P002,911,0242,0.90
F0501686,P001,923,0245,73.00
F0501686,P002,924,0245,14.00
F0701702,P002,922,0245,28.00
F0703948,P001,924,0245,11.00
F0703948,P002,923,0245,78.00
F0703948,P003,922,0245,2.00
F0501686,P001,922,0245,10.00
F0501686,P001,924,0245,20.00
F0501686,P002,922,0245,8.00
F0501686,P002,923,0245,80.00
F0703948,P002,922,0245,3.00
F1600491,P501,922,0245,0.00
F1600491,P901,922,0245,28.00
F1700736,P601,922,0245,6.00
F1700736,P701,922,0245,0.00
F1700736,P701,923,0245,0.00
F0701702,P001,922,0245,0.00
F0703948,P001,922,0245,5.00
F0703948,P002,924,0245,14.00
F0703948,P003,923,0245,99.00
F1600491,P501,923,0245,12.00
F1700736,P601,923,0245,16.00
F0701702,P001,923,0245,0.00
F0701702,P002,923,0245,209.00
F0703948,P001,923,0245,98.00
F0703948,P003,924,0245,14.00
F1600491,P901,923,0245,242.00
F0501686,P001,911,0248,1.40
F0501686,P002,911,0248,1.40
F0701702,P001,911,0248,0.00
F1600491,P501,911,0248,11.30
F0703948,P001,911,0248,0.90
F0703948,P003,911,0248,2.30
F1700736,P601,911,0248,9.30
F1600491,P901,911,0248,10.90
F1700736,P701,911,0248,1.80
F0701702,P002,911,0248,10.10
F0703948,P002,911,0248,1.00
F0501686,P001,911,0254,1.40
F0501686,P002,911,0254,1.40
F0701702,P001,911,0254,0.00
F1600491,P501,911,0254,11.30
F0703948,P001,911,0254,0.90
F0703948,P003,911,0254,2.30
F1700736,P601,911,0254,9.30
F1600491,P901,911,0254,11.00
F1700736,P701,911,0254,1.80
F0701702,P002,911,0254,9.60
F0703948,P002,911,0254,0.90
F0701702,P001,923,0300,0.00
F0701702,P002,923,0300,207.00
F0703948,P001,923,0300,100.00
F0703948,P002,911,0300,0.90
F0703948,P003,924,0300,6.00
F1600491,P901,911,0300,10.90
F1700736,P601,922,0300,6.00
F1700736,P701,911,0300,1.80
F1700736,P701,922,0300,0.00
F1700736,P701,923,0300,0.00
F0701702,P001,911,0300,0.00
F0701702,P002,922,0300,26.00
F0703948,P001,924,0300,13.00
F0703948,P002,922,0300,3.00
F0703948,P003,923,0300,116.00
F1600491,P501,922,0300,0.00
F1700736,P601,923,0300,16.00
F2300972,P101,923,0300,97.00
F2300972,P201,924,0300,2.00
F0701702,P001,922,0300,0.00
F0701702,P002,911,0300,9.50
F0703948,P001,922,0300,7.00
F0703948,P002,923,0300,78.00
F0703948,P003,922,0300,3.00
F1600491,P501,911,0300,11.30
F1600491,P901,923,0300,251.00
F2300972,P101,924,0300,1.00
F2300972,P201,923,0300,84.00
F2300972,P301,923,0300,90.00
F0703948,P001,911,0300,0.90
F0703948,P002,924,0300,23.00
F0703948,P003,911,0300,2.30
F1600491,P501,923,0300,13.00
F1600491,P901,922,0300,28.00
F1700736,P601,911,0300,9.50
F2300972,P101,922,0300,10.00
F2300972,P201,911,0300,0.80
F2300972,P301,924,0300,1.00
F2300972,P301,911,0300,0.50
F2300972,P101,911,0300,2.10
F2300972,P201,922,0300,6.00
F2300972,P301,922,0300,11.00
F0703948,P002,911,0306,0.90
F1600491,P901,911,0306,11.00
F1700736,P701,911,0306,1.80
F0501686,P001,911,0306,1.40
F0501686,P002,911,0306,1.40
F0701702,P001,911,0306,0.00
F0701702,P002,911,0306,9.50
F1600491,P501,911,0306,11.30
F0703948,P001,911,0306,0.90
F0703948,P003,911,0306,2.30
F1700736,P601,911,0306,9.50
F2300972,P201,911,0306,0.70
F2300972,P301,911,0306,0.50
F2300972,P101,911,0306,2.10
F0703948,P002,911,0312,0.90
F1600491,P901,911,0312,11.20
F1700736,P701,911,0312,1.80
F0501686,P001,911,0312,1.40
F0501686,P002,911,0312,1.40
F0701702,P001,911,0312,0.00
F0701702,P002,911,0312,9.50
F1600491,P501,911,0312,11.30
F0703948,P001,911,0312,0.90
F0703948,P003,911,0312,2.30
F1700736,P601,911,0312,9.50
F2300972,P201,911,0312,0.60
F2300972,P301,911,0312,0.60
F2300972,P101,911,0312,2.10
F0501686,P002,922,0315,7.00
F0501686,P002,923,0315,85.00
F0701702,P001,923,0315,0.00
F0701702,P002,923,0315,221.00
F0703948,P001,923,0315,86.00
F0703948,P003,924,0315,10.00
F1700736,P601,922,0315,6.00
F1700736,P701,922,0315,0.00
F1700736,P701,923,0315,0.00
F0501686,P001,923,0315,84.00
F0501686,P002,924,0315,14.00
F0701702,P002,922,0315,28.00
F0703948,P001,924,0315,14.00
F0703948,P002,922,0315,3.00
F0703948,P003,923,0315,135.00
F1600491,P501,922,0315,0.00
F1700736,P601,923,0315,16.00
F2300972,P101,923,0315,92.00
F2300972,P201,924,0315,1.00
F0701702,P001,922,0315,0.00
F0703948,P001,922,0315,4.00
F0703948,P002,923,0315,71.00
F0703948,P003,922,0315,4.00
F1600491,P901,923,0315,259.00
F2300972,P101,924,0315,1.00
F2300972,P201,923,0315,88.00
F2300972,P301,923,0315,97.00
F0501686,P001,922,0315,9.00
F0501686,P001,924,0315,16.00
F0703948,P002,924,0315,12.00
F1600491,P501,923,0315,10.00
F1600491,P901,922,0315,27.00
F2300972,P101,922,0315,8.00
F2300972,P301,924,0315,2.00
F2300972,P201,922,0315,6.00
F2300972,P301,922,0315,16.00
F0703948,P002,911,0318,0.90
F1600491,P901,911,0318,11.10
F1700736,P701,911,0318,1.80
F0501686,P001,911,0318,1.40
F0501686,P002,911,0318,1.40
F0701702,P001,911,0318,0.00
F0701702,P002,911,0318,10.20
F1600491,P501,911,0318,11.30
F0703948,P001,911,0318,0.90
F0703948,P003,911,0318,2.30
F1700736,P601,911,0318,9.50
F2300972,P201,911,0318,0.70
F2300972,P301,911,0318,0.60
F2300972,P101,911,0318,2.10
F0703948,P002,911,0324,0.90
F1600491,P901,911,0324,11.10
F1700736,P701,911,0324,1.80
F0501686,P001,911,0324,1.40
F0501686,P002,911,0324,1.40
F0701702,P001,911,0324,0.00
F0701702,P002,911,0324,9.60
F1600491,P501,911,0324,11.30
F0703948,P001,911,0324,0.90
F0703948,P003,911,0324,2.30
F1700736,P601,911,0324,9.30
F2300972,P201,911,0324,0.70
F2300972,P301,911,0324,0.60
F2300972,P101,911,0324,2.10
F0501686,P002,922,0330,7.00
F0501686,P002,923,0330,78.00
F0701702,P001,923,0330,0.00
F0701702,P002,923,0330,226.00
F0703948,P001,923,0330,73.00
F0703948,P002,911,0330,0.90
F0703948,P003,924,0330,6.00
F1600491,P901,911,0330,11.00
F1700736,P601,922,0330,6.00
F1700736,P701,911,0330,1.80
F1700736,P701,922,0330,0.00
F1700736,P701,923,0330,0.00
F0501686,P001,911,0330,1.30
F0501686,P001,923,0330,89.00
F0501686,P002,911,0330,1.30
F0501686,P002,924,0330,13.00
F0701702,P001,911,0330,0.00
F0701702,P002,922,0330,29.00
F0703948,P001,924,0330,16.00
F0703948,P002,922,0330,3.00
F0703948,P003,923,0330,122.00
F1600491,P501,922,0330,0.00
F1700736,P601,923,0330,16.00
F2300972,P101,923,0330,86.00
F2300972,P201,924,0330,1.00
F0701702,P001,922,0330,0.00
F0701702,P002,911,0330,9.50
F0703948,P001,922,0330,4.00
F0703948,P002,923,0330,81.00
F0703948,P003,922,0330,3.00
F1600491,P501,911,0330,11.30
F1600491,P901,923,0330,258.00
F2300972,P101,924,0330,1.00
F2300972,P201,923,0330,93.00
F2300972,P301,923,0330,94.00
F0501686,P001,922,0330,8.00
F0501686,P001,924,0330,17.00
F0703948,P001,911,0330,0.90
F0703948,P002,924,0330,32.00
F0703948,P003,911,0330,2.30
F1600491,P501,923,0330,10.00
F1600491,P901,922,0330,27.00
F1700736,P601,911,0330,9.30
F2300972,P101,922,0330,9.00
F2300972,P201,911,0330,0.70
F2300972,P301,924,0330,1.00
F2300972,P301,911,0330,0.60
F2300972,P101,911,0330,2.10
F2300972,P201,922,0330,4.00
F2300972,P301,922,0330,11.00
F0703948,P002,911,0336,0.90
F1600491,P901,911,0336,11.00
F1700736,P701,911,0336,1.80
F0501686,P001,911,0336,1.40
F0501686,P002,911,0336,1.30
F0701702,P001,911,0336,0.00
F0701702,P002,911,0336,9.60
F1600491,P501,911,0336,11.30
F0703948,P001,911,0336,0.90
F0703948,P003,911,0336,2.30
F1700736,P601,911,0336,9.20
F2300972,P201,911,0336,0.70
F2300972,P301,911,0336,0.50
F2300972,P101,911,0336,2.10
F0703948,P002,911,0342,0.90
F1600491,P901,911,0342,11.10
F1700736,P701,911,0342,1.80
F0501686,P001,911,0342,1.30
F0501686,P002,911,0342,1.30
F0701702,P001,911,0342,0.00
F0701702,P002,911,0342,9.50
F1600491,P501,911,0342,11.30
F0703948,P001,911,0342,0.80
F0703948,P003,911,0342,2.30
F1700736,P601,911,0342,9.20
F0501686,P002,922,0345,8.00
F0501686,P002,923,0345,85.00
F0701702,P001,923,0345,0.00
F0701702,P002,923,0345,229.00
F0703948,P001,923,0345,87.00
F0703948,P003,924,0345,7.00
F1700736,P601,922,0345,6.00
F1700736,P701,922,0345,0.00
F1700736,P701,923,0345,0.00
F0501686,P001,923,0345,83.00
F0501686,P002,924,0345,14.00
F0701702,P002,922,0345,30.00
F0703948,P001,924,0345,13.00
F0703948,P002,922,0345,3.00
F0703948,P003,923,0345,90.00
F1600491,P501,922,0345,0.00
F1700736,P601,923,0345,16.00
F0701702,P001,922,0345,0.00
F0703948,P001,922,0345,4.00
F0703948,P002,923,0345,93.00
F0703948,P003,922,0345,5.00
F1600491,P901,923,0345,261.00
F0501686,P001,922,0345,9.00
F0501686,P001,924,0345,17.00
F0703948,P002,924,0345,25.00
F1600491,P501,923,0345,8.00
F1600491,P901,922,0345,27.00
F0703948,P002,911,0348,1.00
F1600491,P901,911,0348,11.00
F1700736,P701,911,0348,1.80
F0501686,P001,911,0348,1.30
F0501686,P002,911,0348,1.30
F0701702,P001,911,0348,0.00
F0701702,P002,911,0348,10.10
F1600491,P501,911,0348,11.30
F0703948,P001,911,0348,0.90
F0703948,P003,911,0348,2.30
F1700736,P601,911,0348,9.30
F0703948,P002,911,0354,0.90
F1600491,P901,911,0354,11.00
F1700736,P701,911,0354,1.80
F0501686,P001,911,0354,1.30
F0501686,P002,911,0354,1.30
F0701702,P001,911,0354,0.00
F0701702,P002,911,0354,9.60
F1600491,P501,911,0354,11.30
F0703948,P001,911,0354,0.90
F0703948,P003,911,0354,2.30
F1700736,P601,911,0354,9.20
F0701702,P001,922,0400,0.00
F0701702,P002,911,0400,9.60
F0703948,P001,924,0400,11.00
F0703948,P002,923,0400,103.00
F0703948,P003,923,0400,69.00
F1600491,P501,923,0400,8.00
F1700736,P601,922,0400,5.00
F1700736,P701,911,0400,1.80
F1700736,P701,922,0400,0.00
F1700736,P701,923,0400,0.00
F2300972,P101,923,0400,86.00
F0701702,P001,923,0400,0.00
F0701702,P002,923,0400,228.00
F0703948,P001,923,0400,128.00
F0703948,P002,911,0400,0.90
F0703948,P003,911,0400,2.30
F1600491,P501,922,0400,0.00
F1600491,P901,922,0400,27.00
F1700736,P601,911,0400,9.30
F2300972,P101,924,0400,1.00
F0701702,P001,911,0400,0.00
F0701702,P002,922,0400,31.00
F0703948,P001,922,0400,6.00
F0703948,P002,922,0400,4.00
F0703948,P003,924,0400,11.00
F1600491,P901,911,0400,11.10
F1700736,P601,923,0400,16.00
F2300972,P101,911,0400,2.10
F2300972,P201,922,0400,4.00
F2300972,P301,922,0400,13.00
F2300972,P201,924,0400,2.00
F2300972,P301,924,0400,3.00
F0703948,P001,911,0400,0.90
F0703948,P002,924,0400,35.00
F0703948,P003,922,0400,6.00
F1600491,P501,911,0400,11.30
F1600491,P901,923,0400,258.00
F2300972,P101,922,0400,5.00
F2300972,P201,911,0400,0.60
F2300972,P301,911,0400,0.70
F2300972,P201,923,0400,85.00
F2300972,P301,923,0400,83.00
F0501686,P002,911,0406,1.40
F0701702,P002,911,0406,9.60
F1700736,P701,911,0406,1.80
F0501686,P001,911,0406,1.20
F0703948,P002,911,0406,0.90
F0703948,P003,911,0406,2.30
F1700736,P601,911,0406,9.20
F0701702,P001,911,0406,0.00
F1600491,P901,911,0406,11.00
F2300972,P101,911,0406,2.10
F0703948,P001,911,0406,0.90
F1600491,P501,911,0406,11.30
F2300972,P201,911,0406,0.60
F2300972,P301,911,0406,0.70
F0501686,P002,911,0412,1.30
F0701702,P002,911,0412,9.60
F1700736,P701,911,0412,1.80
F0501686,P001,911,0412,1.30
F0703948,P002,911,0412,0.90
F0703948,P003,911,0412,2.30
F1700736,P601,911,0412,9.20
F0701702,P001,911,0412,0.00
F1600491,P901,911,0412,11.10
F2300972,P101,911,0412,2.10
F0703948,P001,911,0412,0.90
F1600491,P501,911,0412,11.30
F2300972,P201,911,0412,0.60
F2300972,P301,911,0412,0.80
F0701702,P001,922,0415,0.00
F0703948,P001,924,0415,14.00
F0703948,P002,923,0415,99.00
F0703948,P003,923,0415,123.00
F1600491,P501,923,0415,10.00
F1700736,P601,922,0415,5.00
F1700736,P701,922,0415,0.00
F1700736,P701,923,0415,0.00
F2300972,P101,923,0415,82.00
F0501686,P001,923,0415,85.00
F0701702,P001,923,0415,0.00
F0701702,P002,923,0415,231.00
F0703948,P001,923,0415,117.00
F1600491,P501,922,0415,0.00
F1600491,P901,922,0415,27.00
F2300972,P101,924,0415,3.00
F0501686,P002,922,0415,7.00
F0501686,P002,923,0415,82.00
F0701702,P002,922,0415,30.00
F0703948,P001,922,0415,4.00
F0703948,P002,922,0415,7.00
F0703948,P003,924,0415,11.00
F1700736,P601,923,0415,16.00
F2300972,P201,922,0415,5.00
F2300972,P301,922,0415,10.00
F2300972,P201,924,0415,2.00
F2300972,P301,924,0415,2.00
F0501686,P001,922,0415,8.00
F0501686,P001,924,0415,16.00
F0501686,P002,924,0415,13.00
F0703948,P002,924,0415,10.00
F0703948,P003,922,0415,7.00
F1600491,P901,923,0415,251.00
F2300972,P101,922,0415,5.00
F2300972,P201,923,0415,81.00
F2300972,P301,923,0415,92.00
F0501686,P002,911,0418,1.30
F0701702,P002,911,0418,10.10
F1700736,P701,911,0418,1.80
F0501686,P001,911,0418,1.30
F0703948,P002,911,0418,0.90
F0703948,P003,911,0418,2.30
F1700736,P601,911,0418,9.20
F0701702,P001,911,0418,0.00
F1600491,P901,911,0418,11.20
F2300972,P101,911,0418,2.10
F0703948,P001,911,0418,0.90
F1600491,P501,911,0418,11.30
F2300972,P201,911,0418,0.60
F2300972,P301,911,0418,0.80
F0501686,P002,911,0424,1.30
F0701702,P002,911,0424,9.60
F1700736,P701,911,0424,1.80
F0501686,P001,911,0424,1.30
F0703948,P002,911,0424,0.90
F0703948,P003,911,0424,2.30
F1700736,P601,911,0424,9.20
F0701702,P001,911,0424,0.00
F1600491,P901,911,0424,11.00
F2300972,P101,911,0424,2.10
F0703948,P001,911,0424,0.90
F1600491,P501,911,0424,11.30
F2300972,P201,911,0424,0.70
F2300972,P301,911,0424,0.70
F0501686,P002,911,0430,1.30
F0701702,P001,922,0430,0.00
F0701702,P002,911,0430,9.60
F0703948,P001,924,0430,12.00
F0703948,P002,923,0430,74.00
F0703948,P003,923,0430,89.00
F1600491,P501,923,0430,10.00
F1700736,P601,922,0430,5.00
F1700736,P701,911,0430,1.80
F1700736,P701,922,0430,0.00
F1700736,P701,923,0430,0.00
F2300972,P101,923,0430,99.00
F0501686,P001,911,0430,1.30
F0501686,P001,923,0430,99.00
F0701702,P001,923,0430,0.00
F0701702,P002,923,0430,223.00
F0703948,P001,923,0430,106.00
F0703948,P002,911,0430,0.90
F0703948,P003,911,0430,2.30
F1600491,P501,922,0430,0.00
F1600491,P901,922,0430,27.00
F1700736,P601,911,0430,9.10
F0501686,P002,922,0430,6.00
F0501686,P002,923,0430,76.00
F0701702,P001,911,0430,0.00
F0701702,P002,922,0430,31.00
F0703948,P001,922,0430,4.00
F0703948,P002,922,0430,8.00
F0703948,P003,924,0430,6.00
F1600491,P901,911,0430,11.00
F1700736,P601,923,0430,16.00
F2300972,P101,911,0430,2.10
F2300972,P201,922,0430,4.00
F2300972,P301,922,0430,14.00
F2300972,P201,924,0430,2.00
F2300972,P301,924,0430,2.00
F0501686,P001,922,0430,9.00
F0501686,P001,924,0430,16.00
F0501686,P002,924,0430,13.00
F0703948,P001,911,0430,0.90
F0703948,P002,924,0430,11.00
F0703948,P003,922,0430,5.00
F1600491,P501,911,0430,11.40
F1600491,P901,923,0430,249.00
F2300972,P101,922,0430,6.00
F2300972,P201,911,0430,0.70
F2300972,P301,911,0430,0.70
F2300972,P101,924,0430,3.00
F2300972,P201,923,0430,83.00
F2300972,P301,923,0430,84.00
F0501686,P002,911,0436,1.30
F0701702,P002,911,0436,9.50
F1700736,P701,911,0436,1.80
F0501686,P001,911,0436,1.30
F0703948,P002,911,0436,0.90
F0703948,P003,911,0436,2.30
F1700736,P601,911,0436,9.00
F0701702,P001,911,0436,0.00
F1600491,P901,911,0436,10.90
F2300972,P101,911,0436,2.10
F0703948,P001,911,0436,0.90
F1600491,P501,911,0436,11.40
F2300972,P201,911,0436,0.70
F2300972,P301,911,0436,0.60
F0501686,P002,911,0442,1.30
F0701702,P002,911,0442,9.50
F1700736,P701,911,0442,1.80
F0501686,P001,911,0442,1.20
F0703948,P002,911,0442,0.90
F0703948,P003,911,0442,2.30
F1700736,P601,911,0442,9.00
F0701702,P001,911,0442,0.00
F1600491,P901,911,0442,11.00
F0703948,P001,911,0442,0.80
F1600491,P501,911,0442,11.40
F0701702,P001,922,0445,0.00
F0703948,P001,924,0445,13.00
F0703948,P002,923,0445,95.00
F0703948,P003,923,0445,106.00
F1600491,P501,923,0445,10.00
F1700736,P601,922,0445,5.00
F1700736,P701,922,0445,0.00
F1700736,P701,923,0445,0.00
F0501686,P001,923,0445,70.00
F0701702,P001,923,0445,0.00
F0701702,P002,923,0445,220.00
F0703948,P001,923,0445,103.00
F1600491,P501,922,0445,0.00
F1600491,P901,922,0445,26.00
F0501686,P002,922,0445,6.00
F0501686,P002,923,0445,67.00
F0701702,P002,922,0445,32.00
F0703948,P001,922,0445,8.00
F0703948,P002,922,0445,10.00
F0703948,P003,924,0445,6.00
F1700736,P601,923,0445,16.00
F0501686,P001,922,0445,9.00
F0501686,P001,924,0445,20.00
F0501686,P002,924,0445,15.00
F0703948,P002,924,0445,14.00
F0703948,P003,922,0445,13.00
F1600491,P901,923,0445,252.00
F0501686,P002,911,0448,1.30
F0701702,P002,911,0448,10.10
F1700736,P701,911,0448,1.80
F0501686,P001,911,0448,1.30
F0703948,P002,911,0448,1.00
F0703948,P003,911,0448,2.30
F1700736,P601,911,0448,9.00
F0701702,P001,911,0448,0.00
F1600491,P901,911,0448,11.00
F0703948,P001,911,0448,0.90
F1600491,P501,911,0448,11.40
F0501686,P002,911,0454,1.30
F0701702,P002,911,0454,9.60
F1700736,P701,911,0454,1.80
F0501686,P001,911,0454,1.30
F0703948,P002,911,0454,0.90
F0703948,P003,911,0454,2.30
F1700736,P601,911,0454,9.00
F0701702,P001,911,0454,0.00
F1600491,P901,911,0454,10.90
F0703948,P001,911,0454,0.90
F1600491,P501,911,0454,11.40
F0701702,P001,922,0500,0.00
F0701702,P002,911,0500,9.60
F0703948,P001,922,0500,12.00
F0703948,P002,922,0500,11.00
F0703948,P003,911,0500,2.30
F1600491,P501,922,0500,0.00
F1600491,P901,922,0500,27.00
F1700736,P601,911,0500,9.00
F0701702,P001,911,0500,0.00
F0701702,P002,922,0500,32.00
F0703948,P001,924,0500,11.00
F0703948,P002,923,0500,86.00
F0703948,P003,923,0500,110.00
F1600491,P501,923,0500,9.00
F1700736,P601,922,0500,5.00
F1700736,P701,911,0500,1.80
F1700736,P701,922,0500,0.00
F1700736,P701,923,0500,0.00
F2300972,P101,911,0500,2.10
F2300972,P201,922,0500,4.00
F2300972,P101,924,0500,1.00
F2300972,P201,923,0500,83.00
F2300972,P301,923,0500,88.00
F0703948,P001,911,0500,0.90
F0703948,P002,924,0500,16.00
F0703948,P003,922,0500,11.00
F1600491,P501,911,0500,11.40
F1600491,P901,911,0500,11.00
F1700736,P601,923,0500,16.00
F2300972,P101,923,0500,88.00
F2300972,P201,924,0500,1.00
F2300972,P301,924,0500,4.00
F0701702,P001,923,0500,0.00
F0701702,P002,923,0500,223.00
F0703948,P001,923,0500,115.00
F0703948,P002,911,0500,0.90
F0703948,P003,924,0500,13.00
F1600491,P901,923,0500,253.00
F2300972,P101,922,0500,3.00
F2300972,P201,911,0500,0.60
F2300972,P301,911,0500,0.60
F2300972,P301,922,0500,10.00
F0501686,P001,911,0506,1.30
F0501686,P002,911,0506,1.30
F0701702,P002,911,0506,9.50
F0703948,P003,911,0506,2.30
F1700736,P601,911,0506,8.90
F0701702,P001,911,0506,0.00
F1700736,P701,911,0506,1.80
F2300972,P101,911,0506,2.10
F0703948,P001,911,0506,0.90
F1600491,P501,911,0506,11.40
F1600491,P901,911,0506,10.90
F0703948,P002,911,0506,0.90
F2300972,P201,911,0506,0.60
F2300972,P301,911,0506,0.60
F0501686,P001,911,0512,1.30
F0501686,P002,911,0512,1.40
F0701702,P002,911,0512,9.60
F0703948,P003,911,0512,2.30
F1700736,P601,911,0512,8.90
F0701702,P001,911,0512,0.00
F1700736,P701,911,0512,1.80
F2300972,P101,911,0512,2.10
F0703948,P001,911,0512,0.90
F1600491,P501,911,0512,11.40
F1600491,P901,911,0512,10.90
F0703948,P002,911,0512,0.90
F2300972,P201,911,0512,0.70
F2300972,P301,911,0512,0.60
F0501686,P001,923,0515,75.00
F0701702,P001,922,0515,0.00
F0703948,P001,922,0515,8.00
F0703948,P002,922,0515,8.00
F1600491,P501,922,0515,0.00
F1600491,P901,922,0515,26.00
F0501686,P002,924,0515,13.00
F0701702,P002,922,0515,31.00
F0703948,P001,924,0515,10.00
F0703948,P002,923,0515,80.00
F0703948,P003,923,0515,130.00
F1600491,P501,923,0515,6.00
F1700736,P601,922,0515,6.00
F1700736,P701,922,0515,0.00
F1700736,P701,923,0515,0.00
F2300972,P201,922,0515,4.00
F2300972,P101,924,0515,1.00
F2300972,P201,923,0515,83.00
F2300972,P301,923,0515,93.00
F0703948,P002,924,0515,4.00
F0703948,P003,922,0515,11.00
F1700736,P601,923,0515,16.00
F2300972,P101,923,0515,81.00
F2300972,P201,924,0515,1.00
F2300972,P301,924,0515,2.00
F0501686,P001,922,0515,7.00
F0501686,P001,924,0515,17.00
F0501686,P002,922,0515,6.00
F0501686,P002,923,0515,68.00
F0701702,P001,923,0515,0.00
F0701702,P002,923,0515,227.00
F0703948,P001,923,0515,89.00
F0703948,P003,924,0515,16.00
F1600491,P901,923,0515,257.00
F2300972,P101,922,0515,2.00
F2300972,P301,922,0515,12.00
F0501686,P001,911,0518,1.30
F0501686,P002,911,0518,1.30
F0701702,P002,911,0518,10.10
F0703948,P003,911,0518,2.30
F0701702,P001,911,0518,0.00
F1700736,P701,911,0518,1.80
F2300972,P101,911,0518,2.10
F1700736,P601,911,0518,8.90
F0703948,P001,911,0518,0.90
F1600491,P501,911,0518,11.40
F1600491,P901,911,0518,10.90
F0703948,P002,911,0518,0.90
F2300972,P201,911,0518,0.60
F2300972,P301,911,0518,0.60
F0501686,P001,911,0524,1.30
F0501686,P002,911,0524,1.40
F0701702,P002,911,0524,9.60
F0703948,P003,911,0524,2.40
F0701702,P001,911,0524,0.00
F1700736,P701,911,0524,1.80
F2300972,P101,911,0524,2.10
F1700736,P601,911,0524,8.90
F0703948,P001,911,0524,0.90
F1600491,P501,911,0524,11.40
F1600491,P901,911,0524,10.90
F0703948,P002,911,0524,0.90
F2300972,P201,911,0524,0.60
F2300972,P301,911,0524,0.60
F0501686,P001,911,0530,1.30
F0501686,P001,923,0530,87.00
F0501686,P002,911,0530,1.40
F0701702,P001,922,0530,0.00
F0701702,P002,911,0530,9.50
F0703948,P001,922,0530,12.00
F0703948,P002,922,0530,7.00
F0703948,P003,911,0530,2.40
F1600491,P501,922,0530,0.00
F1600491,P901,922,0530,26.00
F0501686,P002,924,0530,12.00
F0701702,P001,911,0530,0.00
F0701702,P002,922,0530,31.00
F0703948,P001,924,0530,14.00
F0703948,P002,923,0530,101.00
F0703948,P003,923,0530,118.00
F1600491,P501,923,0530,1.00
F1700736,P601,922,0530,5.00
F1700736,P701,911,0530,1.80
F1700736,P701,922,0530,0.00
F1700736,P701,923,0530,0.00
F2300972,P101,911,0530,2.10
F1700736,P601,911,0530,8.80
F2300972,P101,924,0530,1.00
F2300972,P201,923,0530,80.00
F2300972,P301,923,0530,87.00
F0703948,P001,911,0530,0.90
F0703948,P002,924,0530,7.00
F0703948,P003,922,0530,7.00
F1600491,P501,911,0530,4.10
F1600491,P901,911,0530,11.00
F1700736,P601,923,0530,16.00
F2300972,P101,923,0530,88.00
F2300972,P201,924,0530,2.00
F2300972,P301,924,0530,1.00
F0501686,P001,922,0530,7.00
F0501686,P001,924,0530,16.00
F0501686,P002,922,0530,6.00
F0501686,P002,923,0530,82.00
F0701702,P001,923,0530,0.00
F0701702,P002,923,0530,227.00
F0703948,P001,923,0530,85.00
F0703948,P002,911,0530,0.90
F0703948,P003,924,0530,30.00
F1600491,P901,923,0530,251.00
F2300972,P101,922,0530,1.00
F2300972,P201,911,0530,0.60
F2300972,P301,911,0530,0.60
F2300972,P201,922,0530,3.00
F2300972,P301,922,0530,13.00
F0501686,P001,911,0536,1.30
F0501686,P002,911,0536,1.40
F0701702,P002,911,0536,9.50
F0703948,P003,911,0536,2.40
F0701702,P001,911,0536,0.00
F1700736,P701,911,0536,1.80
F2300972,P101,911,0536,2.10
F1700736,P601,911,0536,8.80
F0703948,P001,911,0536,0.90
F1600491,P501,911,0536,0.10
F1600491,P901,911,0536,10.90
F0703948,P002,911,0536,0.90
F2300972,P201,911,0536,0.60
F2300972,P301,911,0536,0.60
F0501686,P001,911,0542,1.30
F0501686,P002,911,0542,1.40
F0701702,P002,911,0542,9.50
F0703948,P003,911,0542,2.40
F0701702,P001,911,0542,0.00
F1700736,P701,911,0542,1.80
F1700736,P601,911,0542,8.80
F0703948,P001,911,0542,0.90
F1600491,P501,911,0542,39.00
F1600491,P901,911,0542,10.90
F0703948,P002,911,0542,0.90
F0501686,P001,923,0545,72.00
F0701702,P001,922,0545,0.00
F0703948,P001,922,0545,8.00
F0703948,P002,922,0545,6.00
F1600491,P501,922,0545,0.00
F1600491,P901,922,0545,27.00
F0501686,P002,924,0545,14.00
F0701702,P002,922,0545,33.00
F0703948,P001,924,0545,13.00
F0703948,P002,923,0545,112.00
F0703948,P003,923,0545,117.00
F1600491,P501,923,0545,5.00
F1700736,P601,922,0545,5.00
F1700736,P701,922,0545,0.00
F1700736,P701,923,0545,0.00
F0703948,P002,924,0545,8.00
F0703948,P003,922,0545,6.00
F1700736,P601,923,0545,16.00
F0501686,P001,922,0545,6.00
F0501686,P001,924,0545,23.00
F0501686,P002,922,0545,7.00
F0501686,P002,923,0545,72.00
F0701702,P001,923,0545,0.00
F0701702,P002,923,0545,227.00
F0703948,P001,923,0545,82.00
F0703948,P003,924,0545,23.00
F1600491,P901,923,0545,251.00
F0501686,P001,911,0548,1.30
F0501686,P002,911,0548,1.40
F0701702,P002,911,0548,10.10
F0703948,P003,911,0548,2.40
F0701702,P001,911,0548,0.00
F1700736,P701,911,0548,1.80
F1700736,P601,911,0548,9.00
F0703948,P001,911,0548,0.90
F1600491,P501,911,0548,31.10
F1600491,P901,911,0548,10.90
F0703948,P002,911,0548,1.00
F0501686,P001,911,0554,1.30
F0501686,P002,911,0554,1.40
F0701702,P002,911,0554,9.60
F0703948,P003,911,0554,2.40
F0701702,P001,911,0554,0.00
F1700736,P701,911,0554,1.80
F1700736,P601,911,0554,9.10
F0703948,P001,911,0554,0.90
F1600491,P501,911,0554,11.40
F1600491,P901,911,0554,11.10
F0703948,P002,911,0554,0.90
F0701702,P001,911,0600,0.00
F0701702,P002,922,0600,34.00
F0703948,P001,924,0600,12.00
F0703948,P002,923,0600,120.00
F0703948,P003,923,0600,138.00
F1600491,P501,911,0600,11.40
F1600491,P901,911,0600,11.00
F1700736,P601,922,0600,5.00
F1700736,P701,911,0600,1.80
F1700736,P701,922,0600,0.00
F0701702,P001,923,0600,0.00
F0701702,P002,923,0600,222.00
F0703948,P001,923,0600,72.00
F0703948,P002,911,0600,0.90
F0703948,P003,911,0600,2.40
F1600491,P501,922,0600,0.00
F1600491,P901,922,0600,27.00
F1700736,P601,911,0600,8.80
F2300972,P101,924,0600,2.00
F2300972,P201,923,0600,86.00
F2300972,P301,923,0600,77.00
F0701702,P001,922,0600,0.00
F0701702,P002,911,0600,9.50
F0703948,P001,922,0600,7.00
F0703948,P002,924,0600,7.00
F0703948,P003,922,0600,7.00
F1600491,P501,923,0600,6.00
F1700736,P601,923,0600,16.00
F2300972,P101,923,0600,85.00
F2300972,P201,924,0600,3.00
F2300972,P301,924,0600,6.00
F0703948,P001,911,0600,0.90
F0703948,P002,922,0600,6.00
F0703948,P003,924,0600,15.00
F1600491,P901,923,0600,249.00
F2300972,P101,922,0600,5.00
F2300972,P201,922,0600,4.00
F2300972,P301,922,0600,13.00
F1700736,P701,923,0600,0.00
F2300972,P101,911,0600,2.10
F2300972,P201,911,0600,0.70
F2300972,P301,911,0600,0.70
F0701702,P001,911,0606,0.00
F1600491,P501,911,0606,11.30
F1600491,P901,911,0606,11.00
F1700736,P701,911,0606,1.80
F0703948,P002,911,0606,0.90
F0703948,P003,911,0606,2.40
F1700736,P601,911,0606,8.80
F0501686,P001,911,0606,1.30
F0501686,P002,911,0606,1.40
F0701702,P002,911,0606,9.50
F0703948,P001,911,0606,0.90
F2300972,P101,911,0606,2.10
F2300972,P201,911,0606,0.70
F2300972,P301,911,0606,0.60
F0701702,P001,911,0612,0.00
F1600491,P501,911,0612,11.40
F1600491,P901,911,0612,10.90
F1700736,P701,911,0612,1.80
F0703948,P002,911,0612,0.90
F0703948,P003,911,0612,2.40
F1700736,P601,911,0612,9.00
F0501686,P001,911,0612,1.30
F0501686,P002,911,0612,1.40
F0701702,P002,911,0612,9.50
F0703948,P001,911,0612,0.90
F2300972,P101,911,0612,2.10
F2300972,P201,911,0612,0.70
F2300972,P301,911,0612,0.70
F0501686,P002,924,0615,12.00
F0701702,P002,922,0615,33.00
F0703948,P001,924,0615,11.00
F0703948,P002,923,0615,142.00
F0703948,P003,923,0615,71.00
F1700736,P601,922,0615,5.00
F0501686,P002,922,0615,7.00
F0501686,P002,923,0615,99.00
F0701702,P001,923,0615,0.00
F0701702,P002,923,0615,219.00
F0703948,P001,923,0615,119.00
F1600491,P501,922,0615,0.00
F1600491,P901,922,0615,28.00
F2300972,P101,924,0615,1.00
F2300972,P201,923,0615,85.00
F2300972,P301,923,0615,88.00
F0501686,P001,923,0615,69.00
F0701702,P001,922,0615,0.00
F0703948,P001,922,0615,7.00
F0703948,P002,924,0615,9.00
F0703948,P003,922,0615,4.00
F1600491,P501,923,0615,8.00
F1700736,P601,923,0615,16.00
F2300972,P101,923,0615,90.00
F2300972,P201,924,0615,1.00
F2300972,P301,924,0615,8.00
F0501686,P001,922,0615,7.00
F0501686,P001,924,0615,32.00
F0703948,P002,922,0615,4.00
F0703948,P003,924,0615,17.00
F1600491,P901,923,0615,250.00
F2300972,P101,922,0615,11.00
F2300972,P201,922,0615,3.00
F2300972,P301,922,0615,12.00
F1700736,P701,922,0615,0.00
F1700736,P701,923,0615,0.00
F0701702,P001,911,0618,0.00
F1600491,P501,911,0618,11.40
F1600491,P901,911,0618,10.90
F1700736,P701,911,0618,1.80
F0703948,P002,911,0618,0.90
F0703948,P003,911,0618,2.40
F1700736,P601,911,0618,8.90
F0501686,P001,911,0618,1.30
F0501686,P002,911,0618,1.40
F0701702,P002,911,0618,10.00
F0703948,P001,911,0618,0.80
F2300972,P101,911,0618,2.10
F2300972,P201,911,0618,0.80
F2300972,P301,911,0618,0.70
F0701702,P001,911,0624,0.00
F1600491,P501,911,0624,11.40
F1600491,P901,911,0624,10.90
F1700736,P701,911,0624,1.80
F0703948,P002,911,0624,0.90
F0703948,P003,911,0624,2.40
F1700736,P601,911,0624,8.90
F0501686,P001,911,0624,1.30
F0501686,P002,911,0624,1.40
F0701702,P002,911,0624,9.50
F0703948,P001,911,0624,0.90
F2300972,P101,911,0624,2.10
F2300972,P201,911,0624,0.80
F2300972,P301,911,0624,0.60
F0501686,P002,924,0630,57.00
F0701702,P001,911,0630,0.00
F0701702,P002,922,0630,39.00
F0703948,P001,924,0630,14.00
F0703948,P002,923,0630,131.00
F0703948,P003,923,0630,85.00
F1600491,P501,911,0630,11.40
F1600491,P901,911,0630,10.90
F1700736,P601,922,0630,5.00
F1700736,P701,911,0630,1.80
F0501686,P002,922,0630,7.00
F0501686,P002,923,0630,76.00
F0701702,P001,923,0630,0.00
F0701702,P002,923,0630,213.00
F0703948,P001,923,0630,143.00
F0703948,P002,911,0630,0.90
F0703948,P003,911,0630,2.40
F1600491,P501,922,0630,0.00
F1600491,P901,922,0630,28.00
F1700736,P601,911,0630,8.90
F2300972,P101,924,0630,2.00
F2300972,P201,923,0630,84.00
F0501686,P001,911,0630,1.30
F0501686,P001,923,0630,67.00
F0501686,P002,911,0630,1.40
F0701702,P001,922,0630,0.00
F0701702,P002,911,0630,9.50
F0703948,P001,922,0630,10.00
F0703948,P002,924,0630,15.00
F0703948,P003,922,0630,11.00
F1600491,P501,923,0630,7.00
F1700736,P601,923,0630,16.00
F2300972,P101,923,0630,81.00
F2300972,P201,924,0630,23.00
F2300972,P301,924,0630,5.00
F0501686,P001,922,0630,8.00
F0501686,P001,924,0630,20.00
F0703948,P001,911,0630,0.80
F0703948,P002,922,0630,3.00
F0703948,P003,924,0630,13.00
F1600491,P901,923,0630,246.00
F2300972,P101,922,0630,20.00
F2300972,P201,922,0630,3.00
F2300972,P301,922,0630,13.00
F1700736,P701,922,0630,0.00
F1700736,P701,923,0630,0.00
F2300972,P101,911,0630,2.10
F2300972,P201,911,0630,0.80
F2300972,P301,911,0630,0.60
F2300972,P301,923,0630,83.00
F0701702,P001,911,0636,0.00
F1600491,P501,911,0636,11.40
F1600491,P901,911,0636,11.00
F1700736,P701,911,0636,1.80
F0703948,P002,911,0636,0.90
F0703948,P003,911,0636,2.40
F1700736,P601,911,0636,8.90
F0501686,P001,911,0636,1.40
F0501686,P002,911,0636,1.40
F0701702,P002,911,0636,9.40
F0703948,P001,911,0636,0.80
F2300972,P101,911,0636,2.10
F2300972,P201,911,0636,0.70
F2300972,P301,911,0636,0.60
F0701702,P001,911,0642,0.00
F1600491,P501,911,0642,11.40
F1600491,P901,911,0642,11.00
F1700736,P701,911,0642,1.80
F0703948,P002,911,0642,1.00
F0703948,P003,911,0642,2.40
F1700736,P601,911,0642,8.90
F0501686,P001,911,0642,1.40
F0501686,P002,911,0642,1.40
F0701702,P002,911,0642,9.50
F0703948,P001,911,0642,0.80
F0501686,P002,924,0645,16.00
F0701702,P002,922,0645,43.00
F0703948,P001,924,0645,14.00
F0703948,P002,923,0645,127.00
F0703948,P003,923,0645,72.00
F1700736,P601,922,0645,6.00
F0501686,P002,922,0645,8.00
F0501686,P002,923,0645,60.00
F0701702,P001,923,0645,0.00
F0701702,P002,923,0645,209.00
F0703948,P001,923,0645,111.00
F1600491,P501,922,0645,0.00
F1600491,P901,922,0645,29.00
F0501686,P001,923,0645,72.00
F0701702,P001,922,0645,0.00
F0703948,P001,922,0645,12.00
F0703948,P002,924,0645,19.00
F0703948,P003,922,0645,8.00
F1600491,P501,923,0645,7.00
F1700736,P601,923,0645,16.00
F0501686,P001,922,0645,8.00
F0501686,P001,924,0645,23.00
F0703948,P002,922,0645,3.00
F0703948,P003,924,0645,28.00
F1600491,P901,923,0645,248.00
F1700736,P701,922,0645,0.00
F1700736,P701,923,0645,0.00
F0701702,P001,911,0648,0.00
F1600491,P501,911,0648,11.40
F1600491,P901,911,0648,11.00
F1700736,P701,911,0648,1.80
F0703948,P002,911,0648,0.90
F0703948,P003,911,0648,2.40
F1700736,P601,911,0648,8.90
F0501686,P001,911,0648,1.40
F0501686,P002,911,0648,1.40
F0701702,P002,911,0648,9.90
F0703948,P001,911,0648,0.90
F0701702,P001,911,0654,0.00
F1600491,P501,911,0654,11.40
F1600491,P901,911,0654,11.00
F1700736,P701,911,0654,1.80
F0703948,P002,911,0654,0.90
F0703948,P003,911,0654,2.40
F1700736,P601,911,0654,8.90
F0501686,P001,911,0654,1.30
F0501686,P002,911,0654,1.40
F0701702,P002,911,0654,9.40
F0703948,P001,911,0654,0.90
F0701702,P001,922,0700,0.00
F0701702,P002,911,0700,9.40
F0703948,P001,922,0700,8.00
F0703948,P002,922,0700,4.00
F0703948,P003,911,0700,2.40
F1600491,P501,922,0700,0.00
F1600491,P901,922,0700,30.00
F1700736,P601,911,0700,9.00
F0701702,P001,923,0700,0.00
F0701702,P002,923,0700,212.00
F0703948,P001,923,0700,110.00
F0703948,P002,911,0700,0.90
F0703948,P003,924,0700,41.00
F1600491,P901,911,0700,10.90
F1700736,P601,922,0700,5.00
F1700736,P701,911,0700,1.80
F1700736,P701,922,0700,0.00
F2300972,P101,924,0700,1.00
F2300972,P201,922,0700,2.00
F2300972,P301,922,0700,10.00
F1700736,P701,923,0700,0.00
F2300972,P101,911,0700,2.10
F2300972,P201,911,0700,0.70
F2300972,P301,924,0700,3.00
F0703948,P001,911,0700,0.90
F0703948,P002,924,0700,15.00
F0703948,P003,922,0700,6.00
F1600491,P501,923,0700,1.00
F1700736,P601,923,0700,16.00
F2300972,P101,923,0700,91.00
F2300972,P201,924,0700,1.00
F2300972,P301,911,0700,0.70
F0701702,P001,911,0700,0.00
F0701702,P002,922,0700,50.00
F0703948,P001,924,0700,11.00
F0703948,P002,923,0700,117.00
F0703948,P003,923,0700,91.00
F1600491,P501,911,0700,11.40
F1600491,P901,923,0700,254.00
F2300972,P101,922,0700,3.00
F2300972,P201,923,0700,86.00
F2300972,P301,923,0700,84.00
F0501686,P001,911,0706,1.40
F0501686,P002,911,0706,1.40
F0701702,P002,911,0706,9.40
F0703948,P003,911,0706,2.40
F1700736,P601,911,0706,9.20
F0703948,P002,911,0706,0.90
F1600491,P901,911,0706,11.00
F1700736,P701,911,0706,1.90
F2300972,P101,911,0706,2.10
F2300972,P201,911,0706,0.70
F0703948,P001,911,0706,0.80
F2300972,P301,911,0706,0.70
F0701702,P001,911,0706,0.00
F1600491,P501,911,0706,11.40
F0501686,P001,911,0712,1.40
F0501686,P002,911,0712,1.40
F0701702,P002,911,0712,9.40
F0703948,P003,911,0712,2.40
F1700736,P601,911,0712,9.10
F0703948,P002,911,0712,0.90
F1600491,P901,911,0712,10.90
F1700736,P701,911,0712,1.80
F2300972,P101,911,0712,2.10
F2300972,P201,911,0712,0.60
F0703948,P001,911,0712,0.90
F2300972,P301,911,0712,0.60
F0701702,P001,911,0712,0.00
F1600491,P501,911,0712,11.40
F0501686,P001,923,0715,93.00
F0701702,P001,922,0715,0.00
F0703948,P001,922,0715,8.00
F0703948,P002,922,0715,6.00
F1600491,P501,922,0715,0.00
F1600491,P901,922,0715,30.00
F0501686,P001,922,0715,8.00
F0501686,P001,924,0715,16.00
F0501686,P002,922,0715,7.00
F0501686,P002,923,0715,77.00
F0701702,P001,923,0715,0.00
F0701702,P002,923,0715,217.00
F0703948,P001,923,0715,113.00
F0703948,P003,924,0715,24.00
F1700736,P601,922,0715,5.00
F1700736,P701,922,0715,0.00
F2300972,P101,924,0715,2.00
F2300972,P201,922,0715,2.00
F2300972,P301,922,0715,31.00
F1700736,P701,923,0715,0.00
F2300972,P301,924,0715,2.00
F0703948,P002,924,0715,10.00
F0703948,P003,922,0715,5.00
F1600491,P501,923,0715,0.00
F1700736,P601,923,0715,16.00
F2300972,P101,923,0715,82.00
F2300972,P201,924,0715,1.00
F0501686,P002,924,0715,21.00
F0701702,P002,922,0715,38.00
F0703948,P001,924,0715,16.00
F0703948,P002,923,0715,108.00
F0703948,P003,923,0715,107.00
F1600491,P901,923,0715,253.00
F2300972,P101,922,0715,2.00
F2300972,P201,923,0715,88.00
F2300972,P301,923,0715,79.00
F0501686,P001,911,0718,1.30
F0501686,P002,911,0718,1.40
F0701702,P002,911,0718,9.90
F0703948,P003,911,0718,2.40
F0703948,P002,911,0718,0.90
F1600491,P901,911,0718,10.90
F1700736,P701,911,0718,1.80
F1700736,P601,911,0718,9.10
F2300972,P101,911,0718,2.10
F2300972,P201,911,0718,0.80
F0703948,P001,911,0718,0.80
F2300972,P301,911,0718,0.70
F0701702,P001,911,0718,0.00
F1600491,P501,911,0718,11.40
F0501686,P001,911,0724,1.30
F0501686,P002,911,0724,1.40
F0701702,P002,911,0724,9.40
F0703948,P003,911,0724,2.40
F0703948,P002,911,0724,0.90
F1600491,P901,911,0724,11.00
F1700736,P701,911,0724,1.90
F1700736,P601,911,0724,9.10
F2300972,P101,911,0724,2.10
F2300972,P201,911,0724,0.70
F0703948,P001,911,0724,0.80
F2300972,P301,911,0724,0.60
F0701702,P001,911,0724,0.00
F1600491,P501,911,0724,11.40
F0501686,P001,911,0730,1.20
F0501686,P001,923,0730,76.00
F0501686,P002,911,0730,1.40
F0701702,P001,922,0730,0.00
F0701702,P002,911,0730,9.40
F0703948,P001,922,0730,6.00
F0703948,P002,922,0730,6.00
F0703948,P003,911,0730,2.40
F1600491,P501,922,0730,0.00
F1600491,P901,922,0730,31.00
F0501686,P001,922,0730,7.00
F0501686,P001,924,0730,36.00
F0501686,P002,922,0730,7.00
F0501686,P002,923,0730,75.00
F0701702,P001,923,0730,0.00
F0701702,P002,923,0730,206.00
F0703948,P001,923,0730,135.00
F0703948,P002,911,0730,0.90
F0703948,P003,924,0730,17.00
F1600491,P901,911,0730,10.90
F1700736,P601,922,0730,5.00
F1700736,P701,911,0730,1.90
F1700736,P601,911,0730,9.20
F1700736,P701,922,0730,0.00
F1700736,P701,923,0730,0.00
F2300972,P101,911,0730,2.10
F2300972,P201,911,0730,0.70
F0703948,P001,911,0730,0.80
F0703948,P002,924,0730,16.00
F0703948,P003,922,0730,6.00
F1600491,P501,923,0730,0.00
F1700736,P601,923,0730,16.00
F2300972,P301,911,0730,0.60
F0501686,P002,924,0730,17.00
F0701702,P001,911,0730,0.00
F0701702,P002,922,0730,33.00
F0703948,P001,924,0730,19.00
F0703948,P002,923,0730,107.00
F0703948,P003,923,0730,108.00
F1600491,P501,911,0730,11.40
F1600491,P901,923,0730,259.00
F0501686,P001,911,0736,1.30
F0501686,P002,911,0736,1.40
F0701702,P002,911,0736,9.40
F0703948,P003,911,0736,2.40
F0703948,P002,911,0736,0.90
F1600491,P901,911,0736,10.90
F1700736,P701,911,0736,1.90
F1700736,P601,911,0736,9.30
F2300972,P101,911,0736,2.10
F2300972,P201,911,0736,0.60
F0703948,P001,911,0736,0.80
F2300972,P301,911,0736,0.60
F0701702,P001,911,0736,0.00
F1600491,P501,911,0736,11.40
F0501686,P001,911,0742,1.30
F0501686,P002,911,0742,1.50
F0701702,P002,911,0742,9.40
F0703948,P003,911,0742,2.40
F0703948,P002,911,0742,0.90
F1600491,P901,911,0742,11.00
F1700736,P701,911,0742,1.90
F1700736,P601,911,0742,9.30
F0703948,P001,911,0742,0.80
F0701702,P001,911,0742,0.00
F1600491,P501,911,0742,11.40
F0501686,P001,923,0745,95.00
F0701702,P001,922,0745,0.00
F0703948,P001,922,0745,12.00
F0703948,P002,922,0745,7.00
F1600491,P501,922,0745,0.00
F1600491,P901,922,0745,31.00
F0501686,P001,922,0745,8.00
F0501686,P001,924,0745,18.00
F0501686,P002,922,0745,7.00
F0501686,P002,923,0745,90.00
F0701702,P001,923,0745,0.00
F0701702,P002,923,0745,203.00
F0703948,P001,923,0745,127.00
F0703948,P003,924,0745,38.00
F1700736,P601,922,0745,6.00
F1700736,P701,922,0745,0.00
F1700736,P701,923,0745,0.00
F0703948,P002,924,0745,9.00
F0703948,P003,922,0745,6.00
F1600491,P501,923,0745,40.00
F1700736,P601,923,0745,16.00
F0501686,P002,924,0745,16.00
F0701702,P002,922,0745,32.00
F0703948,P001,924,0745,14.00
F0703948,P002,923,0745,112.00
F0703948,P003,923,0745,81.00
F1600491,P901,923,0745,262.00
F0501686,P001,911,0748,1.30
F0501686,P002,911,0748,1.50
F0701702,P002,911,0748,9.90
F0703948,P003,911,0748,2.40
F0703948,P002,911,0748,0.90
F1600491,P901,911,0748,10.90
F1700736,P701,911,0748,1.90
F1700736,P601,911,0748,9.30
F0703948,P001,911,0748,0.80
F0701702,P001,911,0748,0.00
F1600491,P501,911,0748,11.40
F0501686,P001,911,0754,1.30
F0501686,P002,911,0754,1.40
F0701702,P002,911,0754,9.40
F0703948,P003,911,0754,2.40
F0703948,P002,911,0754,0.90
F1600491,P901,911,0754,11.00
F1700736,P701,911,0754,1.90
F1700736,P601,911,0754,9.30
F0703948,P001,911,0754,0.70
F0701702,P001,911,0754,0.00
F1600491,P501,911,0754,11.40
F0701702,P001,923,0800,0.00
F0701702,P002,922,0800,31.00
F0703948,P001,924,0800,17.00
F0703948,P002,924,0800,12.00
F0703948,P003,922,0800,9.00
F1600491,P501,922,0800,2248.00
F1600491,P901,911,0800,11.00
F1600491,P901,923,0800,327.00
F1700736,P601,911,0800,9.40
F0701702,P001,911,0800,0.00
F0701702,P002,911,0800,9.40
F0703948,P001,922,0800,12.00
F0703948,P002,923,0800,91.00
F0703948,P003,924,0800,33.00
F1600491,P901,922,0800,111.00
F1700736,P601,923,0800,16.00
F1700736,P701,911,0800,1.90
F1700736,P701,922,0800,0.00
F1700736,P701,923,0800,0.00
F0701702,P002,923,0800,199.00
F0703948,P001,923,0800,129.00
F0703948,P002,911,0800,0.90
F0703948,P003,911,0800,2.40
F0703948,P003,923,0800,93.00
F2300972,P201,924,0800,1.00
F2300972,P301,922,0800,7.00
F0701702,P001,922,0800,0.00
F0703948,P001,911,0800,0.00
F0703948,P002,922,0800,8.00
F1600491,P501,911,0800,11.40
F1600491,P501,923,0800,4027.00
F1700736,P601,922,0800,6.00
F2300972,P101,911,0800,2.10
F2300972,P101,923,0800,92.00
F2300972,P201,923,0800,89.00
F2300972,P301,924,0800,5.00
F2300972,P101,924,0800,1.00
F2300972,P201,911,0800,0.70
F2300972,P301,911,0800,0.60
F2300972,P101,922,0800,8.00
F2300972,P201,922,0800,4.00
F2300972,P301,923,0800,82.00
F0501686,P001,911,0806,1.20
F0501686,P002,911,0806,1.40
F1600491,P901,911,0806,11.00
F1700736,P601,911,0806,9.40
F0701702,P001,911,0806,0.00
F0701702,P002,911,0806,9.40
F1700736,P701,911,0806,1.90
F0703948,P002,911,0806,0.00
F0703948,P003,911,0806,2.40
F0703948,P001,911,0806,0.00
F1600491,P501,911,0806,11.40
F2300972,P101,911,0806,2.10
F2300972,P201,911,0806,0.60
F2300972,P301,911,0806,0.70
F0501686,P001,911,0812,1.30
F0501686,P002,911,0812,1.40
F1600491,P901,911,0812,11.00
F1700736,P601,911,0812,9.50
F0701702,P001,911,0812,0.00
F0701702,P002,911,0812,9.40
F1700736,P701,911,0812,1.90
F0703948,P002,911,0812,0.00
F0703948,P003,911,0812,2.40
F0703948,P001,911,0812,0.90
F1600491,P501,911,0812,11.40
F2300972,P101,911,0812,2.10
F2300972,P201,911,0812,0.60
F2300972,P301,911,0812,0.70
F0701702,P001,923,0815,0.00
F0701702,P002,922,0815,27.00
F0703948,P001,924,0815,15.00
F0703948,P002,924,0815,6.00
F0703948,P003,922,0815,8.00
F1600491,P501,922,0815,341.00
F1600491,P901,923,0815,261.00
F0501686,P001,922,0815,9.00
F0501686,P001,924,0815,18.00
F0501686,P002,924,0815,12.00
F0703948,P001,922,0815,11.00
F0703948,P002,923,0815,104.00
F0703948,P003,924,0815,21.00
F1600491,P901,922,0815,32.00
F1700736,P601,923,0815,16.00
F1700736,P701,922,0815,0.00
F0701702,P002,923,0815,199.00
F0703948,P001,923,0815,105.00
F0703948,P003,923,0815,112.00
F2300972,P201,924,0815,1.00
F2300972,P301,922,0815,9.00
F0501686,P001,923,0815,86.00
F0501686,P002,922,0815,7.00
F0501686,P002,923,0815,86.00
F0701702,P001,922,0815,0.00
F0703948,P002,922,0815,5.00
F1600491,P501,923,0815,799.00
F1700736,P601,922,0815,6.00
F2300972,P101,923,0815,95.00
F2300972,P201,923,0815,89.00
F2300972,P301,924,0815,3.00
F2300972,P101,924,0815,1.00
F1700736,P701,923,0815,1.00
F2300972,P101,922,0815,5.00
F2300972,P201,922,0815,4.00
F2300972,P301,923,0815,76.00
F0501686,P001,911,0818,1.40
F0501686,P002,911,0818,1.40
F1600491,P901,911,0818,11.10
F1700736,P601,911,0818,9.50
F0701702,P001,911,0818,0.00
F0701702,P002,911,0818,9.90
F1700736,P701,911,0818,2.00
F0703948,P002,911,0818,0.90
F0703948,P003,911,0818,2.40
F0703948,P001,911,0818,0.80
F1600491,P501,911,0818,11.40
F2300972,P101,911,0818,2.10
F2300972,P201,911,0818,0.70
F2300972,P301,911,0818,0.70
F0501686,P001,911,0824,1.30
F0501686,P002,911,0824,1.50
F1600491,P901,911,0824,11.10
F1700736,P601,911,0824,9.50
F0701702,P001,911,0824,0.00
F0701702,P002,911,0824,9.50
F1700736,P701,911,0824,2.00
F0703948,P002,911,0824,0.90
F0703948,P003,911,0824,2.40
F0703948,P001,911,0824,0.90
F1600491,P501,911,0824,11.40
F2300972,P101,911,0824,2.10
F2300972,P201,911,0824,0.60
F2300972,P301,911,0824,0.70
F0501686,P001,911,0830,1.30
F0501686,P002,911,0830,1.50
F0701702,P001,923,0830,0.00
F0701702,P002,922,0830,26.00
F0703948,P001,924,0830,25.00
F0703948,P002,924,0830,23.00
F0703948,P003,922,0830,11.00
F1600491,P501,922,0830,177.00
F1600491,P901,911,0830,11.00
F1600491,P901,923,0830,258.00
F1700736,P601,911,0830,9.60
F0501686,P001,922,0830,9.00
F0501686,P001,924,0830,20.00
F0501686,P002,924,0830,14.00
F0701702,P001,911,0830,0.00
F0701702,P002,911,0830,9.40
F0703948,P001,922,0830,8.00
F0703948,P002,923,0830,98.00
F0703948,P003,924,0830,12.00
F1600491,P901,922,0830,30.00
F1700736,P601,923,0830,16.00
F1700736,P701,911,0830,2.00
F1700736,P701,922,0830,0.00
F0701702,P002,923,0830,206.00
F0703948,P001,923,0830,129.00
F0703948,P002,911,0830,0.90
F0703948,P003,911,0830,2.40
F0703948,P003,923,0830,130.00
F2300972,P201,924,0830,2.00
F2300972,P301,922,0830,8.00
F0501686,P001,923,0830,98.00
F0501686,P002,922,0830,7.00
F0501686,P002,923,0830,94.00
F0701702,P001,922,0830,0.00
F0703948,P001,911,0830,0.90
F0703948,P002,922,0830,6.00
F1600491,P501,911,0830,11.40
F1600491,P501,923,0830,415.00
F1700736,P601,922,0830,6.00
F2300972,P101,911,0830,2.10
F2300972,P101,923,0830,91.00
F2300972,P201,923,0830,82.00
F2300972,P301,924,0830,4.00
F2300972,P101,924,0830,1.00
F2300972,P201,911,0830,0.50
F2300972,P301,911,0830,0.70
F1700736,P701,923,0830,1.00
F2300972,P101,922,0830,4.00
F2300972,P201,922,0830,5.00
F2300972,P301,923,0830,75.00
F0501686,P001,911,0836,1.30
F0501686,P002,911,0836,1.50
F1600491,P901,911,0836,10.90
F1700736,P601,911,0836,9.60
F0701702,P001,911,0836,0.00
F0701702,P002,911,0836,9.80
F1700736,P701,911,0836,2.00
F0703948,P002,911,0836,0.90
F0703948,P003,911,0836,2.40
F0703948,P001,911,0836,0.90
F1600491,P501,911,0836,11.40
F2300972,P101,911,0836,2.10
F2300972,P201,911,0836,0.70
F2300972,P301,911,0836,0.70
F0501686,P001,911,0842,1.30
F0501686,P002,911,0842,1.50
F1600491,P901,911,0842,10.90
F1700736,P601,911,0842,10.00
F0701702,P001,911,0842,0.00
F0701702,P002,911,0842,9.40
F1700736,P701,911,0842,2.00
F0703948,P002,911,0842,1.00
F0703948,P003,911,0842,2.40
F0703948,P001,911,0842,0.80
F1600491,P501,911,0842,11.40
F0701702,P001,923,0845,0.00
F0701702,P002,922,0845,99.00
F0703948,P001,924,0845,24.00
F0703948,P002,924,0845,6.00
F0703948,P003,922,0845,11.00
F1600491,P501,922,0845,90.00
F1600491,P901,923,0845,258.00
F0501686,P001,922,0845,9.00
F0501686,P001,924,0845,24.00
F0501686,P002,924,0845,13.00
F0703948,P001,922,0845,6.00
F0703948,P002,923,0845,100.00
F0703948,P003,924,0845,25.00
F1600491,P901,922,0845,29.00
F1700736,P601,923,0845,16.00
F1700736,P701,922,0845,0.00
F0701702,P002,923,0845,280.00
F0703948,P001,923,0845,98.00
F0703948,P003,923,0845,117.00
F0501686,P001,923,0845,84.00
F0501686,P002,922,0845,7.00
F0501686,P002,923,0845,78.00
F0701702,P001,922,0845,0.00
F0703948,P002,922,0845,7.00
F1600491,P501,923,0845,254.00
F1700736,P601,922,0845,6.00
F1700736,P701,923,0845,0.00
F0501686,P001,911,0848,1.30
F0501686,P002,911,0848,1.50
F1600491,P901,911,0848,10.90
F0701702,P001,911,0848,0.00
F0701702,P002,911,0848,9.90
F1700736,P701,911,0848,2.00
F0703948,P002,911,0848,0.90
F0703948,P003,911,0848,2.40
F0703948,P001,911,0848,0.80
F1600491,P501,911,0848,11.40
F1700736,P601,911,0848,9.80
F0501686,P001,911,0854,1.30
F0501686,P002,911,0854,1.50
F1600491,P901,911,0854,10.90
F0701702,P001,911,0854,0.00
F0701702,P002,911,0854,9.40
F1700736,P701,911,0854,2.00
F0703948,P002,911,0854,0.90
F0703948,P003,911,0854,2.40
F0703948,P001,911,0854,0.80
F1600491,P501,911,0854,11.40
F1700736,P601,911,0854,9.80
F0701702,P001,922,0900,0.00
F0701702,P002,911,0900,9.40
F0703948,P001,922,0900,7.00
F0703948,P002,922,0900,5.00
F0703948,P003,911,0900,2.40
F1600491,P501,911,0900,11.40
F1600491,P901,911,0900,10.90
F0701702,P001,923,0900,0.00
F0701702,P002,922,0900,26.00
F0703948,P001,924,0900,22.00
F0703948,P002,923,0900,104.00
F0703948,P003,923,0900,95.00
F1600491,P501,923,0900,176.00
F1600491,P901,923,0900,320.00
F2300972,P101,922,0900,5.00
F2300972,P201,922,0900,3.00
F2300972,P301,922,0900,10.00
F0701702,P001,911,0900,0.00
F0701702,P002,923,0900,210.00
F0703948,P001,923,0900,94.00
F0703948,P002,911,0900,0.90
F0703948,P003,924,0900,16.00
F1700736,P601,922,0900,6.00
F1700736,P701,911,0900,1.90
F1700736,P701,922,0900,0.00
F1700736,P701,923,0900,0.00
F2300972,P101,923,0900,84.00
F2300972,P201,924,0900,1.00
F2300972,P301,924,0900,11.00
F0703948,P001,911,0900,0.80
F0703948,P002,924,0900,2.00
F0703948,P003,922,0900,10.00
F1600491,P501,922,0900,44.00
F1600491,P901,922,0900,109.00
F1700736,P601,923,0900,16.00
F2300972,P101,911,0900,2.10
F2300972,P201,911,0900,0.50
F2300972,P301,911,0900,0.80
F1700736,P601,911,0900,9.80
F2300972,P101,924,0900,1.00
F2300972,P201,923,0900,85.00
F2300972,P301,923,0900,67.00
F0501686,P001,911,0906,1.30
F0501686,P002,911,0906,1.50
F0701702,P002,911,0906,9.40
F0703948,P003,911,0906,2.40
F1600491,P501,911,0906,11.40
F0701702,P001,911,0906,0.00
F0703948,P002,911,0906,0.90
F1700736,P701,911,0906,1.90
F0703948,P001,911,0906,0.70
F2300972,P101,911,0906,2.10
F2300972,P201,911,0906,0.60
F2300972,P301,911,0906,0.70
F1600491,P901,911,0906,10.90
F1700736,P601,911,0906,9.80
F0501686,P001,911,0912,1.40
F0501686,P002,911,0912,1.50
F0701702,P002,911,0912,9.40
F0703948,P003,911,0912,2.40
F1600491,P501,911,0912,11.40
F0701702,P001,911,0912,0.00
F0703948,P002,911,0912,0.90
F1700736,P701,911,0912,1.90
F0703948,P001,911,0912,0.80
F2300972,P101,911,0912,2.10
F2300972,P201,911,0912,0.70
F2300972,P301,911,0912,0.80
F1600491,P901,911,0912,11.00
F1700736,P601,911,0912,9.90
F0501686,P001,923,0915,109.00
F0701702,P001,922,0915,0.00
F0703948,P001,922,0915,8.00
F0703948,P002,922,0915,6.00
F0501686,P001,922,0915,11.00
F0501686,P001,924,0915,22.00
F0501686,P002,922,0915,7.00
F0501686,P002,923,0915,61.00
F0701702,P001,923,0915,0.00
F0701702,P002,922,0915,26.00
F0703948,P001,924,0915,27.00
F0703948,P002,923,0915,105.00
F0703948,P003,923,0915,100.00
F1600491,P501,923,0915,130.00
F1600491,P901,923,0915,260.00
F2300972,P101,922,0915,1.00
F2300972,P201,922,0915,5.00
F2300972,P301,922,0915,10.00
F0501686,P002,924,0915,45.00
F0701702,P002,923,0915,212.00
F0703948,P001,923,0915,102.00
F0703948,P003,924,0915,39.00
F1700736,P601,922,0915,6.00
F1700736,P701,922,0915,0.00
F1700736,P701,923,0915,0.00
F2300972,P101,923,0915,89.00
F2300972,P201,924,0915,2.00
F2300972,P301,924,0915,5.00
F0703948,P002,924,0915,8.00
F0703948,P003,922,0915,9.00
F1600491,P501,922,0915,14.00
F1600491,P901,922,0915,28.00
F1700736,P601,923,0915,16.00
F2300972,P101,924,0915,1.00
F2300972,P201,923,0915,73.00
F2300972,P301,923,0915,75.00
F0501686,P001,911,0918,1.30
F0501686,P002,911,0918,1.50
F0701702,P002,911,0918,9.90
F0703948,P003,911,0918,2.40
F1600491,P501,911,0918,11.40
F0701702,P001,911,0918,0.00
F0703948,P002,911,0918,0.90
F1700736,P701,911,0918,1.90
F0703948,P001,911,0918,0.80
F2300972,P101,911,0918,2.10
F2300972,P201,911,0918,0.70
F2300972,P301,911,0918,0.80
F1600491,P901,911,0918,10.90
F1700736,P601,911,0918,9.90
F0501686,P001,911,0924,1.40
F0501686,P002,911,0924,1.60
F0701702,P002,911,0924,9.50
F0703948,P003,911,0924,2.40
F1600491,P501,911,0924,11.40
F0701702,P001,911,0924,0.00
F0703948,P002,911,0924,0.90
F1700736,P701,911,0924,1.90
F0703948,P001,911,0924,0.80
F2300972,P101,911,0924,2.10
F2300972,P201,911,0924,0.80
F2300972,P301,911,0924,0.70
F1600491,P901,911,0924,10.90
F1700736,P601,911,0924,9.90
F0501686,P001,911,0930,1.40
F0501686,P001,923,0930,72.00
F0501686,P002,911,0930,1.50
F0701702,P001,922,0930,0.00
F0701702,P002,911,0930,9.40
F0703948,P001,922,0930,8.00
F0703948,P002,922,0930,6.00
F0703948,P003,911,0930,2.40
F1600491,P501,911,0930,11.40
F0501686,P001,922,0930,11.00
F0501686,P001,924,0930,23.00
F0501686,P002,922,0930,8.00
F0501686,P002,923,0930,73.00
F0701702,P001,923,0930,1.00
F0701702,P002,922,0930,31.00
F0703948,P001,924,0930,21.00
F0703948,P002,923,0930,104.00
F0703948,P003,923,0930,86.00
F1600491,P501,923,0930,93.00
F1600491,P901,923,0930,257.00
F0501686,P002,924,0930,12.00
F0701702,P001,911,0930,0.00
F0701702,P002,923,0930,208.00
F0703948,P001,923,0930,89.00
F0703948,P002,911,0930,0.90
F0703948,P003,924,0930,22.00
F1700736,P601,922,0930,6.00
F1700736,P701,911,0930,1.80
F1700736,P701,922,0930,0.00
F1700736,P701,923,0930,0.00
F0703948,P001,911,0930,0.80
F0703948,P002,924,0930,3.00
F0703948,P003,922,0930,6.00
F1600491,P501,922,0930,1.00
F1600491,P901,922,0930,27.00
F1700736,P601,923,0930,16.00
F2300972,P101,911,0930,2.10
F2300972,P201,911,0930,0.80
F2300972,P301,911,0930,0.70
F1600491,P901,911,0930,13.90
F1700736,P601,911,0930,10.00
F0501686,P001,911,0936,1.40
F0501686,P002,911,0936,1.50
F0701702,P002,911,0936,9.40
F0703948,P003,911,0936,2.40
F1600491,P501,911,0936,11.40
F0701702,P001,911,0936,5.80
F0703948,P002,911,0936,0.90
F1700736,P701,911,0936,1.80
F0703948,P001,911,0936,0.80
F2300972,P101,911,0936,2.10
F2300972,P201,911,0936,0.80
F2300972,P301,911,0936,0.80
F1600491,P901,911,0936,11.30
F1700736,P601,911,0936,10.00
F0501686,P001,911,0942,1.40
F0501686,P002,911,0942,1.50
F0701702,P002,911,0942,9.40
F0703948,P003,911,0942,2.40
F1600491,P501,911,0942,11.40
F0701702,P001,911,0942,3.80
F0703948,P002,911,0942,0.90
F1700736,P701,911,0942,1.80
F0703948,P001,911,0942,0.80
F1600491,P901,911,0942,10.90
F1700736,P601,911,0942,10.10
F0501686,P001,923,0945,65.00
F0701702,P001,922,0945,134.00
F0703948,P001,922,0945,7.00
F0703948,P002,922,0945,5.00
F0501686,P001,922,0945,13.00
F0501686,P001,924,0945,27.00
F0501686,P002,922,0945,8.00
F0501686,P002,923,0945,72.00
F0701702,P001,923,0945,283.00
F0701702,P002,922,0945,43.00
F0703948,P001,924,0945,29.00
F0703948,P002,923,0945,99.00
F0703948,P003,923,0945,90.00
F1600491,P501,923,0945,73.00
F1600491,P901,923,0945,255.00
F0501686,P002,924,0945,14.00
F0701702,P002,923,0945,209.00
F0703948,P001,923,0945,103.00
F0703948,P003,924,0945,20.00
F1700736,P601,922,0945,6.00
F1700736,P701,922,0945,0.00
F1700736,P701,923,0945,0.00
F0703948,P002,924,0945,4.00
F0703948,P003,922,0945,4.00
F1600491,P501,922,0945,0.00
F1600491,P901,922,0945,26.00
F1700736,P601,923,0945,16.00
F0501686,P001,911,0948,1.40
F0501686,P002,911,0948,1.50
F0701702,P002,911,0948,9.80
F0703948,P003,911,0948,2.40
F1600491,P501,911,0948,11.40
F0701702,P001,911,0948,0.00
F0703948,P002,911,0948,0.90
F1700736,P701,911,0948,1.80
F0703948,P001,911,0948,0.80
F1600491,P901,911,0948,10.90
F1700736,P601,911,0948,10.10
F0501686,P001,911,0954,1.40
F0501686,P002,911,0954,1.50
F0701702,P002,911,0954,9.50
F0703948,P003,911,0954,2.40
F1600491,P501,911,0954,11.40
F0701702,P001,911,0954,0.00
F0703948,P002,911,0954,0.90
F1700736,P701,911,0954,1.80
F0703948,P001,911,0954,0.70
F1600491,P901,911,0954,10.90
F1700736,P601,911,0954,10.20
F0701702,P001,911,1000,0.00
F0701702,P002,922,1000,58.00
F0703948,P001,924,1000,33.00
F0703948,P002,923,1000,110.00
F0703948,P003,922,1000,7.00
F1600491,P501,923,1000,32.00
F1700736,P601,911,1000,10.20
F0703948,P001,911,1000,0.70
F0703948,P002,922,1000,6.00
F0703948,P003,923,1000,90.00
F1600491,P501,922,1000,0.00
F1600491,P901,922,1000,25.00
F1700736,P601,922,1000,6.00
F1700736,P701,911,1000,1.70
F1700736,P701,922,1000,0.00
F1700736,P701,923,1000,0.00
F2300972,P101,911,1000,2.10
F2300972,P201,922,1000,4.00
F0701702,P001,923,1000,7.00
F0701702,P002,911,1000,9.40
F0703948,P001,922,1000,5.00
F0703948,P002,924,1000,13.00
F0703948,P003,911,1000,2.40
F1600491,P501,911,1000,11.50
F1600491,P901,911,1000,10.90
F1700736,P601,923,1000,16.00
F2300972,P101,923,1000,87.00
F2300972,P201,924,1000,2.00
F2300972,P301,922,1000,6.00
F2300972,P301,924,1000,3.00
F0701702,P001,922,1000,4.00
F0701702,P002,923,1000,211.00
F0703948,P001,923,1000,126.00
F0703948,P002,911,1000,0.90
F0703948,P003,924,1000,15.00
F1600491,P901,923,1000,257.00
F2300972,P101,922,1000,3.00
F2300972,P201,911,1000,0.70
F2300972,P301,911,1000,0.80
F2300972,P101,924,1000,2.00
F2300972,P201,923,1000,82.00
F2300972,P301,923,1000,83.00
F0501686,P001,911,1006,1.30
F0501686,P002,911,1006,1.60
F0701702,P001,911,1006,0.00
F1700736,P601,911,1006,10.20
F0703948,P001,911,1006,0.70
F1700736,P701,911,1006,1.70
F2300972,P101,911,1006,2.10
F0701702,P002,911,1006,9.40
F0703948,P003,911,1006,2.40
F1600491,P501,911,1006,11.50
F1600491,P901,911,1006,10.90
F0703948,P002,911,1006,0.90
F2300972,P201,911,1006,0.70
F2300972,P301,911,1006,0.80
F0501686,P001,911,1012,1.40
F0501686,P002,911,1012,1.60
F0701702,P001,911,1012,0.00
F1700736,P601,911,1012,10.20
F0703948,P001,911,1012,0.70
F1700736,P701,911,1012,1.80
F2300972,P101,911,1012,2.10
F0701702,P002,911,1012,9.40
F0703948,P003,911,1012,0.00
F1600491,P501,911,1012,11.50
F1600491,P901,911,1012,10.90
F0703948,P002,911,1012,0.90
F2300972,P201,911,1012,0.80
F2300972,P301,911,1012,0.80
F0501686,P001,923,1015,81.00
F0501686,P002,924,1015,11.00
F0701702,P002,922,1015,62.00
F0703948,P001,924,1015,24.00
F0703948,P002,923,1015,112.00
F0703948,P003,922,1015,7.00
F1600491,P501,923,1015,36.00
F0501686,P002,922,1015,8.00
F0501686,P002,923,1015,92.00
F0703948,P002,922,1015,6.00
F0703948,P003,923,1015,95.00
F1600491,P501,922,1015,0.00
F1600491,P901,922,1015,25.00
F1700736,P601,922,1015,5.00
F1700736,P701,922,1015,0.00
F1700736,P701,923,1015,0.00
F2300972,P201,922,1015,4.00
F0701702,P001,923,1015,0.00
F0703948,P001,922,1015,7.00
F0703948,P002,924,1015,5.00
F1700736,P601,923,1015,16.00
F2300972,P101,923,1015,79.00
F2300972,P201,924,1015,1.00
F2300972,P301,922,1015,6.00
F2300972,P301,924,1015,2.00
F0501686,P001,922,1015,13.00
F0501686,P001,924,1015,20.00
F0701702,P001,922,1015,0.00
F0701702,P002,923,1015,210.00
F0703948,P001,923,1015,109.00
F0703948,P003,924,1015,21.00
F1600491,P901,923,1015,252.00
F2300972,P101,922,1015,6.00
F2300972,P101,924,1015,2.00
F2300972,P201,923,1015,79.00
F2300972,P301,923,1015,81.00
F0501686,P001,911,1018,1.40
F0501686,P002,911,1018,1.60
F0701702,P001,911,1018,0.00
F1700736,P601,911,1018,10.20
F0703948,P001,911,1018,0.80
F1700736,P701,911,1018,1.70
F2300972,P101,911,1018,2.10
F0701702,P002,911,1018,9.90
F0703948,P003,911,1018,0.00
F1600491,P501,911,1018,11.50
F1600491,P901,911,1018,11.00
F0703948,P002,911,1018,0.90
F2300972,P201,911,1018,0.80
F2300972,P301,911,1018,0.80
F0501686,P001,911,1024,1.40
F0501686,P002,911,1024,1.60
F0701702,P001,911,1024,0.00
F1700736,P601,911,1024,10.20
F0703948,P001,911,1024,0.70
F1700736,P701,911,1024,1.70
F2300972,P101,911,1024,2.10
F0701702,P002,911,1024,9.40
F0703948,P003,911,1024,2.40
F1600491,P501,911,1024,11.50
F1600491,P901,911,1024,11.00
F0703948,P002,911,1024,0.90
F2300972,P201,911,1024,0.80
F2300972,P301,911,1024,0.70
F0501686,P001,911,1030,1.40
F0501686,P001,923,1030,82.00
F0501686,P002,911,1030,1.60
F0501686,P002,924,1030,13.00
F0701702,P001,911,1030,0.00
F0701702,P002,922,1030,60.00
F0703948,P001,924,1030,28.00
F0703948,P002,923,1030,119.00
F0703948,P003,922,1030,5.00
F1600491,P501,923,1030,38.00
F1700736,P601,911,1030,10.20
F0501686,P002,922,1030,8.00
F0501686,P002,923,1030,75.00
F0703948,P001,911,1030,0.80
F0703948,P002,922,1030,6.00
F0703948,P003,923,1030,93.00
F1600491,P501,922,1030,0.00
F1600491,P901,922,1030,24.00
F1700736,P601,922,1030,5.00
F1700736,P701,911,1030,1.80
F1700736,P701,922,1030,0.00
F1700736,P701,923,1030,1.00
F2300972,P101,911,1030,2.10
F2300972,P201,922,1030,3.00
F0701702,P001,923,1030,0.00
F0701702,P002,911,1030,9.40
F0703948,P001,922,1030,8.00
F0703948,P002,924,1030,8.00
F0703948,P003,911,1030,2.40
F1600491,P501,911,1030,11.60
F1600491,P901,911,1030,11.00
F1700736,P601,923,1030,16.00
F2300972,P101,923,1030,87.00
F2300972,P201,924,1030,1.00
F2300972,P301,922,1030,9.00
F2300972,P301,924,1030,4.00
F0501686,P001,922,1030,13.00
F0501686,P001,924,1030,18.00
F0701702,P001,922,1030,0.00
F0701702,P002,923,1030,204.00
F0703948,P001,923,1030,97.00
F0703948,P002,911,1030,0.90
F0703948,P003,924,1030,18.00
F1600491,P901,923,1030,250.00
F2300972,P101,922,1030,13.00
F2300972,P201,911,1030,0.80
F2300972,P301,911,1030,0.80
F2300972,P101,924,1030,2.00
F2300972,P201,923,1030,87.00
F2300972,P301,923,1030,78.00
F0501686,P001,911,1036,1.40
F0501686,P002,911,1036,1.60
F0701702,P001,911,1036,0.00
F1700736,P601,911,1036,10.20
F0703948,P001,911,1036,0.80
F1700736,P701,911,1036,1.70
F2300972,P101,911,1036,2.10
F0701702,P002,911,1036,9.40
F0703948,P003,911,1036,2.40
F1600491,P501,911,1036,11.60
F1600491,P901,911,1036,11.00
F0703948,P002,911,1036,0.90
F2300972,P201,911,1036,0.70
F2300972,P301,911,1036,0.70
F0501686,P001,911,1042,1.40
F0501686,P002,911,1042,1.60
F0701702,P001,911,1042,0.00
F1700736,P601,911,1042,10.20
F0703948,P001,911,1042,0.80
F1700736,P701,911,1042,1.70
F0701702,P002,911,1042,9.40
F0703948,P003,911,1042,2.40
F1600491,P501,911,1042,11.60
F1600491,P901,911,1042,10.90
F0703948,P002,911,1042,0.90
F0501686,P001,923,1045,107.00
F0501686,P002,924,1045,14.00
F0701702,P002,922,1045,60.00
F0703948,P001,924,1045,23.00
F0703948,P002,923,1045,122.00
F0703948,P003,922,1045,4.00
F1600491,P501,923,1045,34.00
F0501686,P002,922,1045,10.00
F0501686,P002,923,1045,83.00
F0703948,P002,922,1045,4.00
F0703948,P003,923,1045,97.00
F1600491,P501,922,1045,0.00
F1600491,P901,922,1045,23.00
F1700736,P601,922,1045,5.00
F1700736,P701,922,1045,0.00
F1700736,P701,923,1045,1.00
F0701702,P001,923,1045,0.00
F0703948,P001,922,1045,5.00
F0703948,P002,924,1045,9.00
F1700736,P601,923,1045,16.00
F0501686,P001,922,1045,13.00
F0501686,P001,924,1045,17.00
F0701702,P001,922,1045,0.00
F0701702,P002,923,1045,207.00
F0703948,P001,923,1045,93.00
F0703948,P003,924,1045,26.00
F1600491,P901,923,1045,249.00
F0501686,P001,911,1048,1.40
F0501686,P002,911,1048,1.50
F0701702,P001,911,1048,0.00
F1700736,P601,911,1048,10.20
F0703948,P001,911,1048,0.80
F1700736,P701,911,1048,1.80
F0701702,P002,911,1048,9.80
F0703948,P003,911,1048,2.40
F1600491,P501,911,1048,11.60
F1600491,P901,911,1048,10.90
F0703948,P002,911,1048,0.90
F0501686,P001,911,1054,1.30
F0501686,P002,911,1054,1.50
F0701702,P001,911,1054,0.00
F1700736,P601,911,1054,10.20
F0703948,P001,911,1054,0.70
F1700736,P701,911,1054,1.70
F0701702,P002,911,1054,9.40
F0703948,P003,911,1054,2.40
F1600491,P501,911,1054,11.60
F1600491,P901,911,1054,10.90
F0703948,P002,911,1054,0.90
F0701702,P001,911,1100,0.00
F0701702,P002,922,1100,59.00
F0703948,P001,911,1100,0.70
F0703948,P002,922,1100,0.00
F0703948,P003,924,1100,0.00
F1600491,P901,911,1100,10.90
F1700736,P601,923,1100,16.00
F0701702,P001,922,1100,0.00
F0701702,P002,911,1100,9.40
F0703948,P001,924,1100,0.00
F0703948,P002,924,1100,0.00
F0703948,P003,911,1100,2.40
F1600491,P501,923,1100,38.00
F1700736,P601,922,1100,6.00
F1700736,P701,911,1100,1.70
F1700736,P701,922,1100,0.00
F1700736,P701,923,1100,0.00
F0701702,P001,923,1100,0.00
F0701702,P002,923,1100,208.00
F0703948,P001,922,1100,0.00
F0703948,P002,923,1100,0.00
F0703948,P003,922,1100,0.00
F1600491,P501,922,1100,0.00
F1600491,P901,922,1100,24.00
F1700736,P601,911,1100,10.10
F2300972,P101,924,1100,1.00
F2300972,P201,923,1100,83.00
F2300972,P301,923,1100,69.00
F2300972,P101,923,1100,87.00
F2300972,P201,924,1100,1.00
F2300972,P301,924,1100,37.00
F0703948,P001,923,1100,0.00
F0703948,P002,911,1100,0.90
F0703948,P003,923,1100,0.00
F1600491,P501,911,1100,11.60
F1600491,P901,923,1100,246.00
F2300972,P101,922,1100,10.00
F2300972,P201,911,1100,0.60
F2300972,P301,911,1100,0.80
F2300972,P101,911,1100,2.10
F2300972,P201,922,1100,3.00
F2300972,P301,922,1100,11.00
F0501686,P001,911,1106,1.40
F0501686,P002,911,1106,1.60
F0701702,P001,911,1106,0.00
F0703948,P001,911,1106,0.70
F1600491,P901,911,1106,10.90
F0701702,P002,911,1106,9.40
F0703948,P003,911,1106,2.40
F1700736,P701,911,1106,1.70
F1700736,P601,911,1106,10.00
F0703948,P002,911,1106,0.90
F1600491,P501,911,1106,11.60
F2300972,P201,911,1106,0.60
F2300972,P301,911,1106,0.80
F2300972,P101,911,1106,2.10
F0501686,P001,911,1112,1.40
F0501686,P002,911,1112,1.60
F0701702,P001,911,1112,0.00
F0703948,P001,911,1112,0.80
F1600491,P901,911,1112,10.80
F0701702,P002,911,1112,9.40
F0703948,P003,911,1112,2.40
F1700736,P701,911,1112,1.70
F1700736,P601,911,1112,10.00
F0703948,P002,911,1112,0.90
F1600491,P501,911,1112,11.60
F2300972,P201,911,1112,0.70
F2300972,P301,911,1112,0.80
F2300972,P101,911,1112,2.10
F0501686,P001,923,1115,78.00
F0701702,P002,922,1115,48.00
F0703948,P002,922,1115,5.00
F0703948,P003,924,1115,22.00
F0501686,P001,922,1115,11.00
F0501686,P001,924,1115,18.00
F0701702,P001,922,1115,0.00
F0703948,P001,924,1115,12.00
F0703948,P002,924,1115,6.00
F1600491,P501,923,1115,26.00
F1700736,P601,922,1115,6.00
F1700736,P701,922,1115,0.00
F1700736,P701,923,1115,0.00
F0501686,P002,922,1115,10.00
F0501686,P002,923,1115,93.00
F0701702,P001,923,1115,0.00
F0701702,P002,923,1115,213.00
F0703948,P001,922,1115,9.00
F0703948,P002,923,1115,92.00
F0703948,P003,922,1115,8.00
F1600491,P501,922,1115,0.00
F1600491,P901,922,1115,23.00
F2300972,P101,924,1115,1.00
F2300972,P201,923,1115,89.00
F2300972,P301,923,1115,88.00
F1700736,P601,923,1115,16.00
F2300972,P101,923,1115,88.00
F2300972,P201,924,1115,1.00
F2300972,P301,924,1115,2.00
F0501686,P002,924,1115,9.00
F0703948,P001,923,1115,67.00
F0703948,P003,923,1115,67.00
F1600491,P901,923,1115,249.00
F2300972,P101,922,1115,6.00
F2300972,P201,922,1115,3.00
F2300972,P301,922,1115,7.00
F0501686,P001,911,1118,1.40
F0501686,P002,911,1118,1.60
F0701702,P001,911,1118,0.00
F0703948,P001,911,1118,0.70
F1600491,P901,911,1118,10.80
F0701702,P002,911,1118,9.80
F0703948,P003,911,1118,2.40
F1700736,P701,911,1118,1.80
F1700736,P601,911,1118,9.90
F0703948,P002,911,1118,0.90
F1600491,P501,911,1118,11.60
F2300972,P201,911,1118,0.70
F2300972,P301,911,1118,0.90
F2300972,P101,911,1118,2.10
F0501686,P001,911,1124,1.40
F0501686,P002,911,1124,1.60
F0701702,P001,911,1124,0.00
F0703948,P001,911,1124,0.70
F1600491,P901,911,1124,10.90
F0701702,P002,911,1124,9.40
F0703948,P003,911,1124,2.40
F1700736,P701,911,1124,1.70
F1700736,P601,911,1124,9.90
F0703948,P002,911,1124,0.90
F1600491,P501,911,1124,11.60
F2300972,P201,911,1124,0.70
F2300972,P301,911,1124,0.80
F2300972,P101,911,1124,2.10
F0501686,P001,911,1130,1.40
F0501686,P001,923,1130,90.00
F0501686,P002,911,1130,1.60
F0701702,P001,911,1130,0.00
F0701702,P002,922,1130,38.00
F0703948,P001,911,1130,0.70
F0703948,P002,922,1130,7.00
F0703948,P003,924,1130,27.00
F1600491,P901,911,1130,10.90
F0501686,P001,922,1130,15.00
F0501686,P001,924,1130,20.00
F0701702,P001,922,1130,0.00
F0701702,P002,911,1130,9.40
F0703948,P001,924,1130,13.00
F0703948,P002,924,1130,43.00
F0703948,P003,911,1130,2.40
F1600491,P501,923,1130,14.00
F1700736,P601,922,1130,5.00
F1700736,P701,911,1130,1.70
F1700736,P701,922,1130,0.00
F1700736,P701,923,1130,0.00
F0501686,P002,922,1130,9.00
F0501686,P002,923,1130,70.00
F0701702,P001,923,1130,0.00
F0701702,P002,923,1130,212.00
F0703948,P001,922,1130,11.00
F0703948,P002,923,1130,95.00
F0703948,P003,922,1130,12.00
F1600491,P501,922,1130,0.00
F1600491,P901,922,1130,24.00
F1700736,P601,911,1130,9.80
F1700736,P601,923,1130,16.00
F0501686,P002,924,1130,15.00
F0703948,P001,923,1130,113.00
F0703948,P002,911,1130,0.90
F0703948,P003,923,1130,101.00
F1600491,P501,911,1130,11.60
F1600491,P901,923,1130,247.00
F2300972,P201,911,1130,0.60
F2300972,P301,911,1130,0.70
F2300972,P101,911,1130,2.10
F0501686,P001,911,1136,1.40
F0501686,P002,911,1136,1.60
F0701702,P001,911,1136,0.00
F0703948,P001,911,1136,0.70
F1600491,P901,911,1136,10.90
F0701702,P002,911,1136,9.40
F0703948,P003,911,1136,2.40
F1700736,P701,911,1136,1.70
F1700736,P601,911,1136,9.80
F0703948,P002,911,1136,0.90
F1600491,P501,911,1136,11.60
F2300972,P201,911,1136,0.60
F2300972,P301,911,1136,0.60
F2300972,P101,911,1136,2.10
F0501686,P001,911,1142,1.40
F0501686,P002,911,1142,1.60
F0701702,P001,911,1142,0.00
F0703948,P001,911,1142,0.70
F1600491,P901,911,1142,10.90
F0701702,P002,911,1142,9.40
F0703948,P003,911,1142,2.40
F1700736,P701,911,1142,1.70
F1700736,P601,911,1142,9.70
F0703948,P002,911,1142,0.90
F1600491,P501,911,1142,11.60
F0501686,P001,923,1145,81.00
F0701702,P002,922,1145,32.00
F0703948,P002,922,1145,9.00
F0703948,P003,924,1145,12.00
F0501686,P001,922,1145,13.00
F0501686,P001,924,1145,18.00
F0701702,P001,922,1145,0.00
F0703948,P001,924,1145,7.00
F0703948,P002,924,1145,37.00
F1600491,P501,923,1145,3.00
F1700736,P601,922,1145,5.00
F1700736,P701,922,1145,0.00
F1700736,P701,923,1145,0.00
F0501686,P002,922,1145,8.00
F0501686,P002,923,1145,75.00
F0701702,P001,923,1145,0.00
F0701702,P002,923,1145,204.00
F0703948,P001,922,1145,17.00
F0703948,P002,923,1145,94.00
F0703948,P003,922,1145,16.00
F1600491,P501,922,1145,0.00
F1600491,P901,922,1145,24.00
F1700736,P601,923,1145,16.00
F0501686,P002,924,1145,17.00
F0703948,P001,923,1145,99.00
F0703948,P003,923,1145,139.00
F1600491,P901,923,1145,247.00
F0501686,P001,911,1148,1.40
F0501686,P002,911,1148,1.60
F0701702,P001,911,1148,0.00
F0703948,P001,911,1148,0.70
F1600491,P901,911,1148,10.90
F0701702,P002,911,1148,9.80
F0703948,P003,911,1148,2.40
F1700736,P701,911,1148,1.60
F1700736,P601,911,1148,9.70
F0703948,P002,911,1148,0.90
F1600491,P501,911,1148,11.60
F0501686,P001,911,1154,1.40
F0501686,P002,911,1154,1.60
F0701702,P001,911,1154,0.00
F0703948,P001,911,1154,0.70
F1600491,P901,911,1154,11.10
F0701702,P002,911,1154,9.40
F0703948,P003,911,1154,2.40
F1700736,P701,911,1154,1.60
F1700736,P601,911,1154,9.80
F0703948,P002,911,1154,0.90
F1600491,P501,911,1154,11.60
F0703948,P001,911,1200,0.70
F0703948,P002,922,1200,0.00
F0703948,P003,911,1200,2.40
F1600491,P501,922,1200,0.00
F1600491,P901,922,1200,22.00
F1700736,P601,911,1200,10.10
F2300972,P101,924,1200,2.00
F0701702,P001,911,1200,0.00
F0701702,P002,922,1200,29.00
F0703948,P001,924,1200,0.00
F0703948,P002,923,1200,0.00
F0703948,P003,923,1200,0.00
F1600491,P501,923,1200,0.00
F1700736,P601,922,1200,5.00
F1700736,P701,911,1200,1.70
F1700736,P701,922,1200,0.00
F1700736,P701,923,1200,1.00
F2300972,P101,911,1200,2.10
F2300972,P201,922,1200,4.00
F2300972,P201,923,1200,63.00
F2300972,P301,923,1200,82.00
F0701702,P001,923,1200,0.00
F0701702,P002,923,1200,206.00
F0703948,P001,923,1200,0.00
F0703948,P002,911,1200,0.90
F0703948,P003,924,1200,0.00
F1600491,P901,911,1200,11.00
F1700736,P601,923,1200,16.00
F2300972,P101,923,1200,83.00
F2300972,P201,924,1200,26.00
F2300972,P301,924,1200,1.00
F0701702,P001,922,1200,0.00
F0701702,P002,911,1200,9.40
F0703948,P001,922,1200,0.00
F0703948,P002,924,1200,0.00
F0703948,P003,922,1200,0.00
F1600491,P501,911,1200,11.60
F1600491,P901,923,1200,252.00
F2300972,P101,922,1200,11.00
F2300972,P201,911,1200,0.60
F2300972,P301,911,1200,0.70
F2300972,P301,922,1200,7.00
F0501686,P001,911,1206,1.40
F0501686,P002,911,1206,1.60
F0703948,P001,911,1206,0.80
F0703948,P003,911,1206,2.40
F1700736,P601,911,1206,9.70
F0701702,P001,911,1206,0.00
F1700736,P701,911,1206,1.70
F2300972,P101,911,1206,2.10
F0703948,P002,911,1206,0.90
F1600491,P901,911,1206,11.00
F0701702,P002,911,1206,9.40
F1600491,P501,911,1206,11.60
F2300972,P201,911,1206,0.60
F2300972,P301,911,1206,0.70
F0501686,P001,911,1212,1.40
F0501686,P002,911,1212,1.60
F0703948,P001,911,1212,0.70
F0703948,P003,911,1212,2.40
F1700736,P601,911,1212,9.70
F0701702,P001,911,1212,0.00
F1700736,P701,911,1212,1.70
F2300972,P101,911,1212,2.10
F0703948,P002,911,1212,0.90
F1600491,P901,911,1212,11.10
F0701702,P002,911,1212,9.40
F1600491,P501,911,1212,11.60
F2300972,P201,911,1212,0.80
F2300972,P301,911,1212,0.60
F0501686,P001,923,1215,84.00
F0703948,P002,922,1215,5.00
F1600491,P501,922,1215,0.00
F1600491,P901,922,1215,22.00
F0501686,P002,924,1215,19.00
F0701702,P002,922,1215,25.00
F0703948,P001,924,1215,23.00
F0703948,P002,923,1215,100.00
F0703948,P003,923,1215,99.00
F1600491,P501,923,1215,0.00
F1700736,P601,922,1215,5.00
F1700736,P701,922,1215,0.00
F1700736,P701,923,1215,1.00
F2300972,P201,922,1215,4.00
F2300972,P101,924,1215,2.00
F2300972,P201,923,1215,85.00
F2300972,P301,923,1215,92.00
F0501686,P002,922,1215,10.00
F0501686,P002,923,1215,66.00
F0701702,P001,923,1215,0.00
F0701702,P002,923,1215,206.00
F0703948,P001,923,1215,89.00
F0703948,P003,924,1215,6.00
F1700736,P601,923,1215,16.00
F2300972,P101,923,1215,84.00
F2300972,P201,924,1215,6.00
F2300972,P301,924,1215,1.00
F0501686,P001,922,1215,17.00
F0501686,P001,924,1215,21.00
F0701702,P001,922,1215,0.00
F0703948,P001,922,1215,6.00
F0703948,P002,924,1215,21.00
F0703948,P003,922,1215,4.00
F1600491,P901,923,1215,252.00
F2300972,P101,922,1215,8.00
F2300972,P301,922,1215,6.00
F0501686,P001,911,1218,1.40
F0501686,P002,911,1218,1.60
F0703948,P001,911,1218,0.80
F0703948,P003,911,1218,2.40
F1700736,P601,911,1218,9.70
F0701702,P001,911,1218,0.00
F1700736,P701,911,1218,1.80
F2300972,P101,911,1218,2.10
F0703948,P002,911,1218,0.90
F1600491,P901,911,1218,11.20
F0701702,P002,911,1218,9.80
F1600491,P501,911,1218,11.60
F2300972,P201,911,1218,0.70
F2300972,P301,911,1218,0.60
F0501686,P001,911,1224,1.40
F0501686,P002,911,1224,1.60
F0703948,P001,911,1224,0.70
F0703948,P003,911,1224,2.40
F1700736,P601,911,1224,9.80
F0701702,P001,911,1224,0.00
F1700736,P701,911,1224,1.80
F2300972,P101,911,1224,2.10
F0703948,P002,911,1224,0.90
F1600491,P901,911,1224,11.30
F0701702,P002,911,1224,9.50
F1600491,P501,911,1224,11.60
F2300972,P201,911,1224,0.80
F2300972,P301,911,1224,0.70
F0501686,P001,911,1230,1.40
F0501686,P001,923,1230,94.00
F0501686,P002,911,1230,1.60
F0703948,P001,911,1230,0.70
F0703948,P002,922,1230,4.00
F0703948,P003,911,1230,2.40
F1600491,P501,922,1230,0.00
F1600491,P901,922,1230,23.00
F1700736,P601,911,1230,9.80
F0501686,P002,924,1230,16.00
F0701702,P001,911,1230,0.00
F0701702,P002,922,1230,23.00
F0703948,P001,924,1230,6.00
F0703948,P002,923,1230,110.00
F0703948,P003,923,1230,89.00
F1600491,P501,923,1230,0.00
F1700736,P601,922,1230,5.00
F1700736,P701,911,1230,1.80
F1700736,P701,922,1230,0.00
F1700736,P701,923,1230,1.00
F2300972,P101,911,1230,2.10
F2300972,P101,924,1230,1.00
F2300972,P201,923,1230,89.00
F2300972,P301,923,1230,96.00
F0501686,P002,922,1230,9.00
F0501686,P002,923,1230,79.00
F0701702,P001,923,1230,0.00
F0701702,P002,923,1230,207.00
F0703948,P001,923,1230,100.00
F0703948,P002,911,1230,0.90
F0703948,P003,924,1230,14.00
F1600491,P901,911,1230,11.10
F1700736,P601,923,1230,16.00
F2300972,P101,923,1230,87.00
F2300972,P201,924,1230,2.00
F2300972,P301,924,1230,1.00
F0501686,P001,922,1230,16.00
F0501686,P001,924,1230,18.00
F0701702,P001,922,1230,0.00
F0701702,P002,911,1230,9.40
F0703948,P001,922,1230,6.00
F0703948,P002,924,1230,38.00
F0703948,P003,922,1230,5.00
F1600491,P501,911,1230,11.60
F1600491,P901,923,1230,256.00
F2300972,P101,922,1230,2.00
F2300972,P201,911,1230,0.70
F2300972,P301,911,1230,0.70
F2300972,P201,922,1230,4.00
F2300972,P301,922,1230,6.00
F0501686,P001,911,1236,1.40
F0501686,P002,911,1236,1.60
F0703948,P001,911,1236,0.60
F0703948,P003,911,1236,2.40
F1700736,P601,911,1236,9.80
F0701702,P001,911,1236,0.00
F1700736,P701,911,1236,1.80
F2300972,P101,911,1236,2.10
F0703948,P002,911,1236,0.90
F1600491,P901,911,1236,11.00
F0701702,P002,911,1236,9.40
F1600491,P501,911,1236,11.60
F2300972,P201,911,1236,0.80
F2300972,P301,911,1236,0.70
F0501686,P001,911,1242,1.40
F0501686,P002,911,1242,1.60
F0703948,P001,911,1242,0.70
F0703948,P003,911,1242,2.40
F1700736,P601,911,1242,9.80
F0701702,P001,911,1242,0.00
F1700736,P701,911,1242,1.70
F0703948,P002,911,1242,0.90
F1600491,P901,911,1242,11.10
F0701702,P002,911,1242,9.40
F1600491,P501,911,1242,11.60
F0501686,P001,923,1245,95.00
F0703948,P002,922,1245,4.00
F1600491,P501,922,1245,0.00
F1600491,P901,922,1245,23.00
F0501686,P002,924,1245,16.00
F0701702,P002,922,1245,28.00
F0703948,P001,924,1245,11.00
F0703948,P002,923,1245,121.00
F0703948,P003,923,1245,84.00
F1600491,P501,923,1245,5.00
F1700736,P601,922,1245,6.00
F1700736,P701,922,1245,0.00
F1700736,P701,923,1245,1.00
F0501686,P002,922,1245,11.00
F0501686,P002,923,1245,71.00
F0701702,P001,923,1245,0.00
F0701702,P002,923,1245,203.00
F0703948,P001,923,1245,106.00
F0703948,P003,924,1245,14.00
F1700736,P601,923,1245,16.00
F0501686,P001,922,1245,14.00
F0501686,P001,924,1245,17.00
F0701702,P001,922,1245,0.00
F0703948,P001,922,1245,7.00
F0703948,P002,924,1245,9.00
F0703948,P003,922,1245,6.00
F1600491,P901,923,1245,249.00
F0501686,P001,911,1248,1.40
F0501686,P002,911,1248,1.50
F0703948,P001,911,1248,0.70
F0703948,P003,911,1248,2.40
F1700736,P601,911,1248,9.90
F0701702,P001,911,1248,0.00
F1700736,P701,911,1248,1.70
F0703948,P002,911,1248,0.90
F1600491,P901,911,1248,11.00
F0701702,P002,911,1248,9.90
F1600491,P501,911,1248,11.60
F0501686,P001,911,1254,1.40
F0501686,P002,911,1254,1.50
F0703948,P001,911,1254,0.70
F0703948,P003,911,1254,2.40
F1700736,P601,911,1254,9.80
F0701702,P001,911,1254,0.00
F1700736,P701,911,1254,1.70
F0703948,P002,911,1254,0.90
F1600491,P901,911,1254,11.00
F0701702,P002,911,1254,9.50
F1600491,P501,911,1254,11.60
F0701702,P001,923,1300,0.00
F0701702,P002,923,1300,200.00
F0703948,P001,923,1300,0.00
F0703948,P002,911,1300,0.90
F0703948,P003,911,1300,2.40
F1600491,P501,911,1300,11.60
F1600491,P901,911,1300,11.00
F0701702,P001,922,1300,0.00
F0701702,P002,911,1300,9.50
F0703948,P001,922,1300,0.00
F0703948,P002,924,1300,0.00
F0703948,P003,922,1300,0.00
F1600491,P501,922,1300,0.00
F1600491,P901,922,1300,22.00
F1700736,P601,911,1300,9.80
F1700736,P601,922,1300,5.00
F1700736,P701,911,1300,1.80
F1700736,P701,922,1300,0.00
F1700736,P701,923,1300,1.00
F2300972,P101,911,1300,2.10
F2300972,P201,922,1300,3.00
F2300972,P301,922,1300,6.00
F0701702,P001,911,1300,0.00
F0701702,P002,922,1300,30.00
F0703948,P001,924,1300,0.00
F0703948,P002,923,1300,0.00
F0703948,P003,923,1300,0.00
F1600491,P501,923,1300,3.00
F1700736,P601,923,1300,16.00
F2300972,P101,923,1300,88.00
F2300972,P201,924,1300,2.00
F2300972,P301,924,1300,1.00
F0703948,P001,911,1300,0.70
F0703948,P002,922,1300,0.00
F0703948,P003,924,1300,0.00
F1600491,P901,923,1300,248.00
F2300972,P101,922,1300,2.00
F2300972,P201,911,1300,0.60
F2300972,P301,911,1300,0.60
F2300972,P101,924,1300,1.00
F2300972,P201,923,1300,95.00
F2300972,P301,923,1300,90.00
F0703948,P002,911,1306,0.90
F0703948,P003,911,1306,2.40
F1600491,P501,911,1306,11.50
F1600491,P901,911,1306,10.90
F0501686,P001,911,1306,1.40
F0501686,P002,911,1306,1.50
F0701702,P002,911,1306,9.50
F1700736,P601,911,1306,10.00
F1700736,P701,911,1306,1.80
F2300972,P101,911,1306,2.10
F0701702,P001,911,1306,0.00
F0703948,P001,911,1306,0.70
F2300972,P201,911,1306,0.50
F2300972,P301,911,1306,0.60
F0703948,P002,911,1312,0.90
F0703948,P003,911,1312,2.40
F1600491,P501,911,1312,11.50
F1600491,P901,911,1312,11.00
F0501686,P001,911,1312,1.40
F0501686,P002,911,1312,1.50
F0701702,P002,911,1312,9.50
F1700736,P601,911,1312,10.40
F1700736,P701,911,1312,1.80
F2300972,P101,911,1312,2.10
F0701702,P001,911,1312,0.00
F0703948,P001,911,1312,0.70
F2300972,P201,911,1312,0.60
F2300972,P301,911,1312,0.50
F0501686,P001,922,1315,17.00
F0501686,P001,924,1315,20.00
F0501686,P002,922,1315,10.00
F0501686,P002,923,1315,87.00
F0701702,P001,923,1315,0.00
F0701702,P002,923,1315,201.00
F0703948,P001,923,1315,120.00
F0501686,P001,923,1315,93.00
F0701702,P001,922,1315,0.00
F0703948,P001,922,1315,4.00
F0703948,P002,924,1315,17.00
F0703948,P003,922,1315,4.00
F1600491,P501,922,1315,0.00
F1600491,P901,922,1315,22.00
F1700736,P601,922,1315,5.00
F1700736,P701,922,1315,0.00
F1700736,P701,923,1315,1.00
F2300972,P201,922,1315,3.00
F2300972,P301,922,1315,7.00
F0501686,P002,924,1315,16.00
F0701702,P002,922,1315,34.00
F0703948,P001,924,1315,9.00
F0703948,P002,923,1315,127.00
F0703948,P003,923,1315,66.00
F1600491,P501,923,1315,0.00
F1700736,P601,923,1315,16.00
F2300972,P101,923,1315,83.00
F2300972,P201,924,1315,1.00
F2300972,P301,924,1315,1.00
F0703948,P002,922,1315,4.00
F0703948,P003,924,1315,10.00
F1600491,P901,923,1315,252.00
F2300972,P101,922,1315,3.00
F2300972,P101,924,1315,1.00
F2300972,P201,923,1315,110.00
F2300972,P301,923,1315,92.00
F0703948,P002,911,1318,0.90
F0703948,P003,911,1318,2.40
F1600491,P501,911,1318,11.50
F1600491,P901,911,1318,11.00
F0501686,P001,911,1318,1.40
F0501686,P002,911,1318,1.50
F0701702,P002,911,1318,9.90
F1700736,P601,911,1318,10.30
F1700736,P701,911,1318,1.80
F2300972,P101,911,1318,2.10
F0701702,P001,911,1318,0.00
F0703948,P001,911,1318,0.70
F2300972,P201,911,1318,0.60
F2300972,P301,911,1318,0.50
F0703948,P002,911,1324,0.90
F0703948,P003,911,1324,2.40
F1600491,P501,911,1324,11.50
F1600491,P901,911,1324,10.90
F0501686,P001,911,1324,1.40
F0501686,P002,911,1324,1.50
F0701702,P002,911,1324,9.50
F1700736,P601,911,1324,10.30
F1700736,P701,911,1324,1.80
F2300972,P101,911,1324,2.10
F0701702,P001,911,1324,0.00
F0703948,P001,911,1324,0.70
F2300972,P201,911,1324,0.50
F2300972,P301,911,1324,0.50
F0501686,P001,922,1330,14.00
F0501686,P001,924,1330,21.00
F0501686,P002,922,1330,9.00
F0501686,P002,923,1330,73.00
F0701702,P001,923,1330,0.00
F0701702,P002,923,1330,201.00
F0703948,P001,923,1330,114.00
F0703948,P002,911,1330,0.90
F0703948,P003,911,1330,2.40
F1600491,P501,911,1330,11.50
F1600491,P901,911,1330,11.00
F0501686,P001,911,1330,1.40
F0501686,P001,923,1330,84.00
F0501686,P002,911,1330,1.50
F0701702,P001,922,1330,0.00
F0701702,P002,911,1330,9.50
F0703948,P001,922,1330,3.00
F0703948,P002,924,1330,21.00
F0703948,P003,922,1330,7.00
F1600491,P501,922,1330,0.00
F1600491,P901,922,1330,22.00
F1700736,P601,911,1330,10.30
F1700736,P601,922,1330,5.00
F1700736,P701,911,1330,1.80
F1700736,P701,922,1330,0.00
F1700736,P701,923,1330,1.00
F2300972,P101,911,1330,2.10
F0501686,P002,924,1330,28.00
F0701702,P001,911,1330,0.00
F0701702,P002,922,1330,27.00
F0703948,P001,924,1330,6.00
F0703948,P002,923,1330,111.00
F0703948,P003,923,1330,96.00
F1600491,P501,923,1330,0.00
F1700736,P601,923,1330,16.00
F0703948,P001,911,1330,0.70
F0703948,P002,922,1330,3.00
F0703948,P003,924,1330,11.00
F1600491,P901,923,1330,259.00
F2300972,P201,911,1330,0.50
F2300972,P301,911,1330,0.50
F0703948,P002,911,1336,0.90
F0703948,P003,911,1336,2.40
F1600491,P501,911,1336,11.50
F1600491,P901,911,1336,10.90
F0501686,P001,911,1336,1.40
F0501686,P002,911,1336,1.50
F0701702,P002,911,1336,9.40
F1700736,P601,911,1336,10.10
F1700736,P701,911,1336,1.80
F2300972,P101,911,1336,2.10
F0701702,P001,911,1336,0.00
F0703948,P001,911,1336,0.60
F2300972,P201,911,1336,0.50
F2300972,P301,911,1336,0.50
F0703948,P002,911,1342,0.90
F0703948,P003,911,1342,2.40
F1600491,P501,911,1342,11.50
F1600491,P901,911,1342,10.90
F0501686,P001,911,1342,1.40
F0501686,P002,911,1342,1.50
F0701702,P002,911,1342,9.50
F1700736,P601,911,1342,10.20
F1700736,P701,911,1342,1.80
F0701702,P001,911,1342,0.00
F0703948,P001,911,1342,0.60
F0501686,P001,922,1345,17.00
F0501686,P001,924,1345,20.00
F0501686,P002,922,1345,9.00
F0501686,P002,923,1345,74.00
F0701702,P001,923,1345,0.00
F0701702,P002,923,1345,211.00
F0703948,P001,923,1345,97.00
F0501686,P001,923,1345,78.00
F0701702,P001,922,1345,0.00
F0703948,P001,922,1345,5.00
F0703948,P002,924,1345,14.00
F0703948,P003,922,1345,6.00
F1600491,P501,922,1345,0.00
F1600491,P901,922,1345,21.00
F1700736,P601,922,1345,5.00
F1700736,P701,922,1345,0.00
F1700736,P701,923,1345,1.00
F0501686,P002,924,1345,15.00
F0701702,P002,922,1345,28.00
F0703948,P001,924,1345,16.00
F0703948,P002,923,1345,88.00
F0703948,P003,923,1345,97.00
F1600491,P501,923,1345,0.00
F1700736,P601,923,1345,17.00
F0703948,P002,922,1345,4.00
F0703948,P003,924,1345,13.00
F1600491,P901,923,1345,257.00
F0703948,P002,911,1348,0.90
F0703948,P003,911,1348,2.40
F1600491,P501,911,1348,11.50
F1600491,P901,911,1348,10.90
F0501686,P001,911,1348,1.40
F0501686,P002,911,1348,1.50
F0701702,P002,911,1348,9.90
F1700736,P601,911,1348,10.10
F1700736,P701,911,1348,1.80
F0701702,P001,911,1348,0.00
F0703948,P001,911,1348,0.70
F0703948,P002,911,1354,0.90
F0703948,P003,911,1354,2.40
F1600491,P501,911,1354,11.50
F1600491,P901,911,1354,10.90
F0501686,P001,911,1354,1.40
F0501686,P002,911,1354,1.50
F0701702,P002,911,1354,9.50
F1700736,P701,911,1354,1.80
F0701702,P001,911,1354,0.00
F0703948,P001,911,1354,0.60
F1700736,P601,911,1354,10.10
F0701702,P001,911,1400,0.00
F0701702,P002,922,1400,32.00
F0703948,P001,924,1400,0.00
F0703948,P002,923,1400,0.00
F0703948,P003,922,1400,0.00
F1600491,P501,923,1400,0.00
F1700736,P601,922,1400,5.00
F1700736,P701,911,1400,1.80
F1700736,P701,922,1400,0.00
F0701702,P001,922,1400,0.00
F0701702,P002,911,1400,10.40
F0703948,P001,922,1400,0.00
F0703948,P002,924,1400,0.00
F0703948,P003,911,1400,2.40
F1600491,P501,922,1400,0.00
F1600491,P901,922,1400,21.00
F1700736,P601,911,1400,10.10
F2300972,P101,924,1400,1.00
F2300972,P201,922,1400,3.00
F2300972,P301,922,1400,7.00
F0701702,P001,923,1400,0.00
F0701702,P002,923,1400,212.00
F0703948,P001,923,1400,0.00
F0703948,P002,911,1400,0.90
F0703948,P003,924,1400,0.00
F1600491,P901,923,1400,255.00
F2300972,P101,922,1400,3.00
F2300972,P201,911,1400,0.50
F2300972,P201,924,1400,1.00
F2300972,P301,924,1400,3.00
F0703948,P001,911,1400,0.70
F0703948,P002,922,1400,0.00
F0703948,P003,923,1400,0.00
F1600491,P501,911,1400,11.50
F1600491,P901,911,1400,11.00
F1700736,P601,923,1400,16.00
F2300972,P101,923,1400,81.00
F2300972,P301,911,1400,0.60
F1700736,P701,923,1400,1.00
F2300972,P101,911,1400,2.10
F2300972,P201,923,1400,95.00
F2300972,P301,923,1400,78.00
F0501686,P001,911,1406,1.40
F0501686,P002,911,1406,1.50
F0701702,P001,911,1406,0.00
F1700736,P701,911,1406,1.80
F0701702,P002,911,1406,9.70
F0703948,P003,911,1406,2.40
F1700736,P601,911,1406,10.10
F0703948,P002,911,1406,0.90
F2300972,P201,911,1406,0.60
F0703948,P001,911,1406,0.70
F1600491,P501,911,1406,11.50
F1600491,P901,911,1406,11.00
F2300972,P301,911,1406,0.70
F2300972,P101,911,1406,2.10
F0501686,P001,911,1412,1.40
F0501686,P002,911,1412,1.50
F0701702,P001,911,1412,0.00
F1700736,P701,911,1412,1.80
F0701702,P002,911,1412,9.50
F0703948,P003,911,1412,2.40
F1700736,P601,911,1412,10.00
F0703948,P002,911,1412,1.00
F2300972,P201,911,1412,0.50
F0703948,P001,911,1412,0.70
F1600491,P501,911,1412,11.50
F1600491,P901,911,1412,11.00
F2300972,P301,911,1412,0.70
F2300972,P101,911,1412,2.10
F0701702,P002,922,1415,32.00
F0703948,P001,924,1415,5.00
F0703948,P002,923,1415,101.00
F0703948,P003,922,1415,4.00
F1600491,P501,923,1415,0.00
F1700736,P601,922,1415,5.00
F1700736,P701,922,1415,0.00
F0501686,P001,922,1415,14.00
F0501686,P001,924,1415,22.00
F0501686,P002,924,1415,13.00
F0701702,P001,922,1415,0.00
F0703948,P001,922,1415,6.00
F0703948,P002,924,1415,13.00
F1600491,P501,922,1415,0.00
F1600491,P901,922,1415,20.00
F2300972,P101,924,1415,2.00
F2300972,P201,922,1415,3.00
F2300972,P301,922,1415,9.00
F0501686,P001,923,1415,106.00
F0701702,P001,923,1415,0.00
F0701702,P002,923,1415,223.00
F0703948,P001,923,1415,111.00
F0703948,P003,924,1415,7.00
F1600491,P901,923,1415,256.00
F2300972,P101,922,1415,3.00
F2300972,P201,924,1415,2.00
F2300972,P301,924,1415,3.00
F0501686,P002,922,1415,9.00
F0501686,P002,923,1415,88.00
F0703948,P002,922,1415,3.00
F0703948,P003,923,1415,81.00
F1700736,P601,923,1415,16.00
F2300972,P101,923,1415,82.00
F1700736,P701,923,1415,1.00
F2300972,P201,923,1415,86.00
F2300972,P301,923,1415,82.00
F0501686,P001,911,1418,1.40
F0501686,P002,911,1418,1.60
F0701702,P001,911,1418,0.00
F1700736,P701,911,1418,1.80
F0701702,P002,911,1418,9.80
F0703948,P003,911,1418,2.40
F1700736,P601,911,1418,10.00
F0703948,P002,911,1418,1.00
F2300972,P201,911,1418,0.60
F0703948,P001,911,1418,0.70
F1600491,P501,911,1418,11.50
F1600491,P901,911,1418,11.00
F2300972,P301,911,1418,0.70
F2300972,P101,911,1418,2.10
F0501686,P001,911,1424,1.40
F0501686,P002,911,1424,1.60
F0701702,P001,911,1424,0.00
F1700736,P701,911,1424,1.80
F0701702,P002,911,1424,9.50
F0703948,P003,911,1424,2.40
F1700736,P601,911,1424,10.00
F0703948,P002,911,1424,0.90
F2300972,P201,911,1424,0.50
F0703948,P001,911,1424,0.70
F1600491,P501,911,1424,11.50
F1600491,P901,911,1424,10.90
F2300972,P301,911,1424,0.70
F2300972,P101,911,1424,2.10
F0501686,P001,911,1430,1.40
F0501686,P002,911,1430,1.60
F0701702,P001,911,1430,0.00
F0701702,P002,922,1430,35.00
F0703948,P001,924,1430,6.00
F0703948,P002,923,1430,120.00
F0703948,P003,922,1430,4.00
F1600491,P501,923,1430,0.00
F1700736,P601,922,1430,5.00
F1700736,P701,911,1430,1.70
F0501686,P001,922,1430,12.00
F0501686,P001,924,1430,20.00
F0501686,P002,924,1430,13.00
F0701702,P001,922,1430,0.00
F0701702,P002,911,1430,9.50
F0703948,P001,922,1430,9.00
F0703948,P002,924,1430,31.00
F0703948,P003,911,1430,2.40
F1600491,P501,922,1430,0.00
F1600491,P901,922,1430,20.00
F1700736,P601,911,1430,10.00
F2300972,P101,924,1430,1.00
F2300972,P201,922,1430,3.00
F2300972,P301,922,1430,7.00
F0501686,P001,923,1430,87.00
F0701702,P001,923,1430,0.00
F0701702,P002,923,1430,225.00
F0703948,P001,923,1430,100.00
F0703948,P002,911,1430,0.90
F0703948,P003,924,1430,12.00
F1600491,P901,923,1430,254.00
F2300972,P101,922,1430,2.00
F2300972,P201,911,1430,0.50
F2300972,P201,924,1430,2.00
F2300972,P301,924,1430,2.00
F0501686,P002,922,1430,9.00
F0501686,P002,923,1430,98.00
F0703948,P001,911,1430,0.60
F0703948,P002,922,1430,3.00
F0703948,P003,923,1430,90.00
F1600491,P501,911,1430,11.50
F1600491,P901,911,1430,10.90
F1700736,P601,923,1430,16.00
F2300972,P101,923,1430,86.00
F2300972,P301,911,1430,0.60
F1700736,P701,922,1430,0.00
F1700736,P701,923,1430,1.00
F2300972,P101,911,1430,2.10
F2300972,P201,923,1430,86.00
F2300972,P301,923,1430,81.00
F0501686,P001,911,1436,1.40
F0501686,P002,911,1436,1.60
F0701702,P001,911,1436,0.00
F1700736,P701,911,1436,1.80
F0701702,P002,911,1436,9.40
F0703948,P003,911,1436,2.40
F1700736,P601,911,1436,10.10
F0703948,P002,911,1436,0.90
F2300972,P201,911,1436,0.40
F0703948,P001,911,1436,0.70
F1600491,P501,911,1436,11.50
F1600491,P901,911,1436,10.90
F2300972,P301,911,1436,0.70
F2300972,P101,911,1436,2.10
F0501686,P001,911,1442,1.40
F0501686,P002,911,1442,1.60
F0701702,P001,911,1442,0.00
F1700736,P701,911,1442,1.70
F0701702,P002,911,1442,9.50
F0703948,P003,911,1442,2.40
F1700736,P601,911,1442,10.10
F0703948,P002,911,1442,0.90
F0703948,P001,911,1442,0.60
F1600491,P501,911,1442,11.50
F1600491,P901,911,1442,10.90
F0701702,P002,922,1445,40.00
F0703948,P001,924,1445,20.00
F0703948,P002,923,1445,106.00
F0703948,P003,922,1445,8.00
F1600491,P501,923,1445,0.00
F1700736,P601,922,1445,5.00
F0501686,P001,922,1445,15.00
F0501686,P001,924,1445,23.00
F0501686,P002,924,1445,12.00
F0701702,P001,922,1445,0.00
F0703948,P001,922,1445,7.00
F0703948,P002,924,1445,25.00
F1600491,P501,922,1445,0.00
F1600491,P901,922,1445,20.00
F0501686,P001,923,1445,87.00
F0701702,P001,923,1445,0.00
F0701702,P002,923,1445,224.00
F0703948,P001,923,1445,96.00
F0703948,P003,924,1445,7.00
F1600491,P901,923,1445,256.00
F0501686,P002,922,1445,8.00
F0501686,P002,923,1445,85.00
F0703948,P002,922,1445,3.00
F0703948,P003,923,1445,97.00
F1700736,P601,923,1445,15.00
F1700736,P701,922,1445,0.00
F1700736,P701,923,1445,1.00
F0501686,P001,911,1448,1.40
F0501686,P002,911,1448,1.60
F0701702,P001,911,1448,0.00
F1700736,P701,911,1448,1.80
F0701702,P002,911,1448,9.90
F0703948,P003,911,1448,2.40
F1700736,P601,911,1448,10.20
F0703948,P002,911,1448,0.90
F0703948,P001,911,1448,0.70
F1600491,P501,911,1448,11.50
F1600491,P901,911,1448,11.00
F0501686,P001,911,1454,1.40
F0501686,P002,911,1454,1.60
F0701702,P001,911,1454,0.00
F1700736,P701,911,1454,1.80
F0701702,P002,911,1454,9.60
F0703948,P003,911,1454,2.40
F1700736,P601,911,1454,10.10
F0703948,P002,911,1454,0.90
F0703948,P001,911,1454,0.70
F1600491,P501,911,1454,11.50
F1600491,P901,911,1454,10.90
F0701702,P001,922,1500,0.00
F0703948,P001,911,1500,0.70
F0703948,P002,922,1500,4.00
F0703948,P003,911,1500,2.40
F1600491,P501,922,1500,0.00
F1600491,P901,922,1500,19.00
F1700736,P601,911,1500,10.20
F0701702,P001,923,1500,0.00
F0701702,P002,923,1500,227.00
F0703948,P001,923,1500,102.00
F0703948,P002,911,1500,0.90
F0703948,P003,922,1500,8.00
F1600491,P501,911,1500,11.50
F1600491,P901,911,1500,10.90
F1700736,P601,923,1500,16.00
F2300972,P101,924,1500,1.00
F0701702,P002,911,1500,9.60
F0703948,P001,922,1500,7.00
F0703948,P002,924,1500,8.00
F0703948,P003,923,1500,82.00
F1600491,P501,923,1500,0.00
F1700736,P601,922,1500,5.00
F1700736,P701,911,1500,1.70
F1700736,P701,922,1500,0.00
F1700736,P701,923,1500,1.00
F2300972,P101,923,1500,83.00
F2300972,P201,922,1500,3.00
F2300972,P301,922,1500,5.00
F2300972,P101,922,1500,3.00
F2300972,P301,924,1500,1.00
F0701702,P001,911,1500,0.00
F0701702,P002,922,1500,44.00
F0703948,P001,924,1500,2.00
F0703948,P002,923,1500,89.00
F0703948,P003,924,1500,34.00
F1600491,P901,923,1500,256.00
F2300972,P101,911,1500,2.10
F2300972,P201,911,1500,0.50
F2300972,P201,924,1500,2.00
F2300972,P301,911,1500,0.50
F2300972,P201,923,1500,86.00
F2300972,P301,923,1500,95.00
F0501686,P001,911,1506,1.40
F0501686,P002,911,1506,1.60
F0703948,P001,911,1506,0.60
F0703948,P003,911,1506,2.40
F1700736,P601,911,1506,10.30
F0703948,P002,911,1506,0.90
F1600491,P501,911,1506,11.50
F1600491,P901,911,1506,10.90
F0701702,P002,911,1506,9.50
F1700736,P701,911,1506,1.80
F0701702,P001,911,1506,0.00
F2300972,P101,911,1506,2.10
F2300972,P201,911,1506,0.50
F2300972,P301,911,1506,0.40
F0501686,P001,911,1512,1.40
F0501686,P002,911,1512,1.60
F0703948,P001,911,1512,0.70
F0703948,P003,911,1512,2.40
F1700736,P601,911,1512,10.50
F0703948,P002,911,1512,0.90
F1600491,P501,911,1512,11.50
F1600491,P901,911,1512,10.90
F0701702,P002,911,1512,9.60
F1700736,P701,911,1512,1.80
F0701702,P001,911,1512,0.00
F2300972,P101,911,1512,2.10
F2300972,P201,911,1512,0.50
F2300972,P301,911,1512,0.50
F0501686,P001,923,1515,95.00
F0701702,P001,922,1515,0.00
F0703948,P002,922,1515,5.00
F1600491,P501,922,1515,0.00
F1600491,P901,922,1515,18.00
F0501686,P001,922,1515,17.00
F0501686,P001,924,1515,19.00
F0501686,P002,922,1515,9.00
F0501686,P002,923,1515,71.00
F0701702,P001,923,1515,0.00
F0701702,P002,923,1515,226.00
F0703948,P001,923,1515,106.00
F0703948,P003,922,1515,9.00
F1700736,P601,923,1515,17.00
F2300972,P101,924,1515,1.00
F0703948,P001,922,1515,6.00
F0703948,P002,924,1515,27.00
F0703948,P003,923,1515,87.00
F1600491,P501,923,1515,0.00
F1700736,P601,922,1515,5.00
F1700736,P701,922,1515,0.00
F1700736,P701,923,1515,0.00
F2300972,P101,923,1515,79.00
F2300972,P201,922,1515,3.00
F2300972,P301,922,1515,6.00
F2300972,P101,922,1515,4.00
F2300972,P301,924,1515,1.00
F0501686,P002,924,1515,24.00
F0701702,P002,922,1515,58.00
F0703948,P001,924,1515,1.00
F0703948,P002,923,1515,91.00
F0703948,P003,924,1515,18.00
F1600491,P901,923,1515,252.00
F2300972,P201,924,1515,2.00
F2300972,P201,923,1515,92.00
F2300972,P301,923,1515,93.00
F0501686,P001,911,1518,1.40
F0501686,P002,911,1518,1.60
F0703948,P001,911,1518,0.70
F0703948,P003,911,1518,2.40
F1700736,P601,911,1518,10.30
F0703948,P002,911,1518,0.90
F1600491,P501,911,1518,11.50
F1600491,P901,911,1518,10.90
F0701702,P002,911,1518,9.90
F1700736,P701,911,1518,1.80
F0701702,P001,911,1518,0.00
F2300972,P101,911,1518,2.10
F2300972,P201,911,1518,0.60
F2300972,P301,911,1518,0.50
F0501686,P001,911,1524,1.40
F0501686,P002,911,1524,1.60
F0703948,P001,911,1524,0.70
F0703948,P003,911,1524,2.40
F1700736,P601,911,1524,10.30
F0703948,P002,911,1524,0.90
F1600491,P501,911,1524,11.50
F1600491,P901,911,1524,11.00
F0701702,P002,911,1524,9.60
F1700736,P701,911,1524,1.80
F0701702,P001,911,1524,0.00
F2300972,P101,911,1524,2.10
F2300972,P201,911,1524,0.60
F2300972,P301,911,1524,0.60
F0501686,P001,911,1530,1.40
F0501686,P001,923,1530,78.00
F0501686,P002,911,1530,1.60
F0701702,P001,922,1530,0.00
F0703948,P001,911,1530,0.70
F0703948,P002,922,1530,3.00
F0703948,P003,911,1530,2.40
F1600491,P501,922,1530,0.00
F1600491,P901,922,1530,16.00
F1700736,P601,911,1530,10.30
F0501686,P001,922,1530,15.00
F0501686,P001,924,1530,23.00
F0501686,P002,922,1530,10.00
F0501686,P002,923,1530,67.00
F0701702,P001,923,1530,0.00
F0701702,P002,923,1530,222.00
F0703948,P001,923,1530,126.00
F0703948,P002,911,1530,0.90
F0703948,P003,922,1530,7.00
F1600491,P501,911,1530,11.50
F1600491,P901,911,1530,11.00
F1700736,P601,923,1530,16.00
F0701702,P002,911,1530,9.50
F0703948,P001,922,1530,5.00
F0703948,P002,924,1530,19.00
F0703948,P003,923,1530,88.00
F1600491,P501,923,1530,0.00
F1700736,P601,922,1530,5.00
F1700736,P701,911,1530,1.70
F1700736,P701,922,1530,0.00
F1700736,P701,923,1530,1.00
F0501686,P002,924,1530,21.00
F0701702,P001,911,1530,0.00
F0701702,P002,922,1530,60.00
F0703948,P001,924,1530,1.00
F0703948,P002,923,1530,88.00
F0703948,P003,924,1530,12.00
F1600491,P901,923,1530,258.00
F2300972,P101,911,1530,2.10
F2300972,P201,911,1530,0.60
F2300972,P301,911,1530,0.60
F0501686,P001,911,1536,1.40
F0501686,P002,911,1536,1.60
F0703948,P001,911,1536,0.70
F0703948,P003,911,1536,2.40
F1700736,P601,911,1536,10.40
F0703948,P002,911,1536,0.90
F1600491,P501,911,1536,11.50
F1600491,P901,911,1536,10.90
F0701702,P002,911,1536,9.50
F1700736,P701,911,1536,1.70
F0701702,P001,911,1536,0.00
F2300972,P101,911,1536,2.10
F2300972,P201,911,1536,0.60
F2300972,P301,911,1536,0.60
F0501686,P001,911,1542,1.40
F0501686,P002,911,1542,1.60
F0703948,P001,911,1542,0.70
F0703948,P003,911,1542,2.40
F0703948,P002,911,1542,0.90
F1600491,P501,911,1542,11.50
F1600491,P901,911,1542,10.90
F0701702,P002,911,1542,9.60
F1700736,P701,911,1542,1.70
F1700736,P601,911,1542,10.30
F0701702,P001,911,1542,0.00
F0501686,P001,923,1545,88.00
F0701702,P001,922,1545,0.00
F0703948,P002,922,1545,5.00
F1600491,P501,922,1545,0.00
F1600491,P901,922,1545,15.00
F0501686,P001,922,1545,14.00
F0501686,P001,924,1545,20.00
F0501686,P002,922,1545,9.00
F0501686,P002,923,1545,68.00
F0701702,P001,923,1545,0.00
F0701702,P002,923,1545,228.00
F0703948,P001,923,1545,127.00
F0703948,P003,922,1545,4.00
F1700736,P601,923,1545,16.00
F0703948,P001,922,1545,5.00
F0703948,P002,924,1545,26.00
F0703948,P003,923,1545,95.00
F1600491,P501,923,1545,0.00
F1700736,P601,922,1545,5.00
F1700736,P701,922,1545,0.00
F1700736,P701,923,1545,0.00
F0501686,P002,924,1545,20.00
F0701702,P002,922,1545,57.00
F0703948,P001,924,1545,2.00
F0703948,P002,923,1545,95.00
F0703948,P003,924,1545,15.00
F1600491,P901,923,1545,259.00
F0501686,P001,911,1548,1.40
F0501686,P002,911,1548,1.60
F0703948,P001,911,1548,0.70
F0703948,P003,911,1548,2.40
F0703948,P002,911,1548,0.90
F1600491,P501,911,1548,11.40
F1600491,P901,911,1548,10.90
F0701702,P002,911,1548,9.90
F1700736,P701,911,1548,1.70
F1700736,P601,911,1548,10.30
F0701702,P001,911,1548,0.00
F0501686,P001,911,1554,1.40
F0501686,P002,911,1554,1.60
F0703948,P001,911,1554,0.70
F0703948,P003,911,1554,2.40
F0703948,P002,911,1554,0.90
F1600491,P501,911,1554,11.40
F1600491,P901,911,1554,10.90
F0701702,P002,911,1554,9.60
F1700736,P701,911,1554,1.80
F1700736,P601,911,1554,10.30
F0701702,P001,911,1554,0.00
F0703948,P001,911,1600,0.70
F0703948,P002,922,1600,4.00
F0703948,P003,911,1600,2.40
F1600491,P501,922,1600,0.00
F1600491,P901,922,1600,14.00
F1700736,P601,911,1600,10.30
F2300972,P101,924,1600,1.00
F0701702,P001,911,1600,0.00
F0701702,P002,922,1600,57.00
F0703948,P001,924,1600,10.00
F0703948,P002,923,1600,99.00
F0703948,P003,923,1600,123.00
F1600491,P501,923,1600,0.00
F1700736,P601,922,1600,5.00
F1700736,P701,911,1600,1.80
F1700736,P701,922,1600,0.00
F1700736,P701,923,1600,1.00
F2300972,P101,911,1600,2.10
F2300972,P201,922,1600,8.00
F0701702,P001,922,1600,0.00
F0701702,P002,911,1600,9.50
F0703948,P001,922,1600,8.00
F0703948,P002,924,1600,21.00
F0703948,P003,922,1600,7.00
F1600491,P501,911,1600,11.40
F1600491,P901,911,1600,10.90
F1700736,P601,923,1600,16.00
F2300972,P101,923,1600,81.00
F2300972,P201,924,1600,2.00
F2300972,P301,922,1600,8.00
F2300972,P301,924,1600,15.00
F0701702,P001,923,1600,0.00
F0701702,P002,923,1600,224.00
F0703948,P001,923,1600,114.00
F0703948,P002,911,1600,0.90
F0703948,P003,924,1600,21.00
F1600491,P901,923,1600,254.00
F2300972,P101,922,1600,3.00
F2300972,P201,911,1600,0.70
F2300972,P301,911,1600,0.50
F2300972,P201,923,1600,80.00
F2300972,P301,923,1600,76.00
F0501686,P001,911,1606,1.40
F0501686,P002,911,1606,1.60
F0703948,P001,911,1606,0.70
F0703948,P003,911,1606,2.40
F1700736,P601,911,1606,10.30
F0701702,P001,911,1606,0.00
F1700736,P701,911,1606,1.80
F2300972,P101,911,1606,2.10
F0701702,P002,911,1606,9.50
F1600491,P501,911,1606,11.40
F1600491,P901,911,1606,10.90
F0703948,P002,911,1606,0.90
F2300972,P201,911,1606,0.70
F2300972,P301,911,1606,0.50
F0501686,P001,911,1612,1.40
F0501686,P002,911,1612,1.50
F0703948,P001,911,1612,0.70
F0703948,P003,911,1612,2.40
F1700736,P601,911,1612,10.30
F0701702,P001,911,1612,0.00
F1700736,P701,911,1612,1.80
F2300972,P101,911,1612,2.10
F0701702,P002,911,1612,9.50
F1600491,P501,911,1612,11.40
F1600491,P901,911,1612,10.90
F0703948,P002,911,1612,0.90
F2300972,P201,911,1612,0.70
F2300972,P301,911,1612,0.60
F0501686,P001,923,1615,99.00
F0703948,P002,922,1615,4.00
F1600491,P501,922,1615,0.00
F1600491,P901,922,1615,13.00
F0501686,P002,924,1615,68.00
F0701702,P002,922,1615,56.00
F0703948,P001,924,1615,17.00
F0703948,P002,923,1615,108.00
F0703948,P003,923,1615,95.00
F1600491,P501,923,1615,0.00
F1700736,P601,922,1615,6.00
F1700736,P701,922,1615,0.00
F1700736,P701,923,1615,1.00
F2300972,P201,922,1615,5.00
F0501686,P001,922,1615,14.00
F0501686,P001,924,1615,17.00
F0701702,P001,922,1615,0.00
F0703948,P001,922,1615,7.00
F0703948,P002,924,1615,16.00
F0703948,P003,922,1615,4.00
F1700736,P601,923,1615,16.00
F2300972,P101,923,1615,74.00
F2300972,P201,924,1615,3.00
F2300972,P301,922,1615,7.00
F2300972,P301,924,1615,13.00
F0501686,P002,922,1615,8.00
F0501686,P002,923,1615,66.00
F0701702,P001,923,1615,0.00
F0701702,P002,923,1615,210.00
F0703948,P001,923,1615,112.00
F0703948,P003,924,1615,15.00
F1600491,P901,923,1615,247.00
F2300972,P101,922,1615,2.00
F2300972,P101,924,1615,1.00
F2300972,P201,923,1615,82.00
F2300972,P301,923,1615,79.00
F0501686,P001,911,1618,1.40
F0501686,P002,911,1618,1.50
F0703948,P001,911,1618,0.60
F0703948,P003,911,1618,2.40
F1700736,P601,911,1618,10.30
F0701702,P001,911,1618,0.00
F1700736,P701,911,1618,1.80
F2300972,P101,911,1618,2.10
F0701702,P002,911,1618,9.80
F1600491,P501,911,1618,11.40
F1600491,P901,911,1618,10.90
F0703948,P002,911,1618,0.90
F2300972,P201,911,1618,0.80
F2300972,P301,911,1618,0.60
F0501686,P001,911,1624,1.50
F0501686,P002,911,1624,1.60
F0703948,P001,911,1624,0.60
F0703948,P003,911,1624,2.40
F1700736,P601,911,1624,10.30
F0701702,P001,911,1624,0.00
F1700736,P701,911,1624,1.80
F2300972,P101,911,1624,2.10
F0701702,P002,911,1624,9.50
F1600491,P501,911,1624,11.40
F1600491,P901,911,1624,11.10
F0703948,P002,911,1624,0.90
F2300972,P201,911,1624,1.10
F2300972,P301,911,1624,0.60
F0501686,P001,911,1630,1.40
F0501686,P001,923,1630,95.00
F0501686,P002,911,1630,1.50
F0703948,P001,911,1630,0.70
F0703948,P002,922,1630,3.00
F0703948,P003,911,1630,2.40
F1600491,P501,922,1630,0.00
F1600491,P901,922,1630,13.00
F1700736,P601,911,1630,10.30
F0501686,P002,924,1630,17.00
F0701702,P001,911,1630,0.00
F0701702,P002,922,1630,56.00
F0703948,P001,924,1630,21.00
F0703948,P002,923,1630,102.00
F0703948,P003,923,1630,80.00
F1600491,P501,923,1630,0.00
F1700736,P601,922,1630,6.00
F1700736,P701,911,1630,1.80
F1700736,P701,922,1630,0.00
F1700736,P701,923,1630,0.00
F2300972,P101,911,1630,2.10
F0501686,P001,922,1630,12.00
F0501686,P001,924,1630,18.00
F0701702,P001,922,1630,0.00
F0701702,P002,911,1630,9.40
F0703948,P001,922,1630,6.00
F0703948,P002,924,1630,7.00
F0703948,P003,922,1630,4.00
F1600491,P501,911,1630,11.30
F1600491,P901,911,1630,10.90
F1700736,P601,923,1630,16.00
F0501686,P002,922,1630,10.00
F0501686,P002,923,1630,99.00
F0701702,P001,923,1630,0.00
F0701702,P002,923,1630,210.00
F0703948,P001,923,1630,89.00
F0703948,P002,911,1630,0.90
F0703948,P003,924,1630,21.00
F1600491,P901,923,1630,244.00
F2300972,P201,911,1630,1.10
F2300972,P301,911,1630,0.60
F0501686,P001,911,1636,1.40
F0501686,P002,911,1636,1.50
F0703948,P001,911,1636,0.70
F0703948,P003,911,1636,2.40
F1700736,P601,911,1636,10.30
F0701702,P001,911,1636,0.00
F1700736,P701,911,1636,1.80
F2300972,P101,911,1636,2.10
F0701702,P002,911,1636,9.40
F1600491,P501,911,1636,11.30
F1600491,P901,911,1636,10.90
F0703948,P002,911,1636,0.90
F2300972,P201,911,1636,0.90
F2300972,P301,911,1636,0.60
F0501686,P001,911,1642,1.50
F0501686,P002,911,1642,1.50
F0703948,P001,911,1642,0.70
F0703948,P003,911,1642,2.40
F1700736,P601,911,1642,10.30
F0701702,P001,911,1642,0.00
F1700736,P701,911,1642,1.70
F0701702,P002,911,1642,9.50
F1600491,P501,911,1642,11.30
F1600491,P901,911,1642,11.00
F0703948,P002,911,1642,0.90
F0501686,P001,923,1645,82.00
F0703948,P002,922,1645,4.00
F1600491,P501,922,1645,0.00
F1600491,P901,922,1645,12.00
F0501686,P002,924,1645,15.00
F0701702,P002,922,1645,54.00
F0703948,P001,924,1645,21.00
F0703948,P002,923,1645,88.00
F0703948,P003,923,1645,77.00
F1600491,P501,923,1645,0.00
F1700736,P601,922,1645,6.00
F1700736,P701,922,1645,0.00
F1700736,P701,923,1645,1.00
F0501686,P001,922,1645,12.00
F0501686,P001,924,1645,20.00
F0701702,P001,922,1645,0.00
F0703948,P001,922,1645,6.00
F0703948,P002,924,1645,20.00
F0703948,P003,922,1645,3.00
F1700736,P601,923,1645,16.00
F0501686,P002,922,1645,7.00
F0501686,P002,923,1645,105.00
F0701702,P001,923,1645,0.00
F0701702,P002,923,1645,206.00
F0703948,P001,923,1645,118.00
F0703948,P003,924,1645,15.00
F1600491,P901,923,1645,254.00
F0501686,P001,911,1648,1.50
F0501686,P002,911,1648,1.50
F0703948,P001,911,1648,0.70
F0703948,P003,911,1648,2.40
F1700736,P601,911,1648,10.30
F0701702,P001,911,1648,0.00
F1700736,P701,911,1648,1.70
F0701702,P002,911,1648,9.80
F1600491,P501,911,1648,11.30
F1600491,P901,911,1648,10.90
F0703948,P002,911,1648,0.90
F0501686,P001,911,1654,1.40
F0501686,P002,911,1654,1.50
F0703948,P001,911,1654,0.70
F0703948,P003,911,1654,2.40
F1700736,P601,911,1654,10.20
F0701702,P001,911,1654,0.00
F1700736,P701,911,1654,1.60
F0701702,P002,911,1654,9.50
F1600491,P501,911,1654,11.30
F1600491,P901,911,1654,10.90
F0703948,P002,911,1654,0.90
F0703948,P001,911,1700,0.70
F0703948,P002,924,1700,26.00
F0703948,P003,911,1700,2.40
F1600491,P501,911,1700,11.30
F1600491,P901,911,1700,11.00
F0701702,P001,922,1700,0.00
F0701702,P002,923,1700,198.00
F0703948,P001,923,1700,96.00
F0703948,P002,911,1700,0.90
F0703948,P003,922,1700,3.00
F1600491,P501,922,1700,0.00
F1600491,P901,922,1700,12.00
F1700736,P601,911,1700,10.20
F2300972,P101,924,1700,5.00
F2300972,P201,922,1700,2.00
F2300972,P301,922,1700,7.00
F0701702,P001,923,1700,0.00
F0701702,P002,911,1700,9.40
F0703948,P001,922,1700,5.00
F0703948,P002,923,1700,89.00
F0703948,P003,923,1700,79.00
F1600491,P501,923,1700,0.00
F1700736,P601,923,1700,16.00
F2300972,P101,923,1700,74.00
F2300972,P201,924,1700,9.00
F2300972,P301,924,1700,2.00
F0701702,P001,911,1700,0.00
F0701702,P002,922,1700,54.00
F0703948,P001,924,1700,22.00
F0703948,P002,922,1700,4.00
F0703948,P003,924,1700,9.00
F1600491,P901,923,1700,253.00
F2300972,P101,922,1700,4.00
F2300972,P201,911,1700,0.70
F2300972,P301,911,1700,0.60
F1700736,P601,922,1700,6.00
F1700736,P701,911,1700,1.60
F1700736,P701,922,1700,0.00
F1700736,P701,923,1700,0.00
F2300972,P101,911,1700,2.10
F2300972,P201,923,1700,73.00
F2300972,P301,923,1700,82.00
F0501686,P001,911,1706,1.40
F0501686,P002,911,1706,1.50
F0703948,P001,911,1706,0.70
F0703948,P003,911,1706,2.40
F1600491,P501,911,1706,11.30
F1600491,P901,911,1706,11.00
F0703948,P002,911,1706,0.90
F1700736,P601,911,1706,10.20
F0701702,P002,911,1706,9.40
F0701702,P001,911,1706,0.00
F2300972,P201,911,1706,0.70
F2300972,P301,911,1706,0.60
F1700736,P701,911,1706,1.60
F2300972,P101,911,1706,2.10
F0501686,P001,911,1712,1.40
F0501686,P002,911,1712,1.50
F0703948,P001,911,1712,0.70
F0703948,P003,911,1712,2.40
F1600491,P501,911,1712,11.40
F1600491,P901,911,1712,11.10
F0703948,P002,911,1712,0.90
F1700736,P601,911,1712,10.20
F0701702,P002,911,1712,9.40
F0701702,P001,911,1712,0.00
F2300972,P201,911,1712,0.70
F2300972,P301,911,1712,0.60
F1700736,P701,911,1712,1.60
F2300972,P101,911,1712,2.10
F0501686,P001,923,1715,88.00
F0703948,P002,924,1715,28.00
F0701702,P001,922,1715,0.00
F0701702,P002,923,1715,196.00
F0703948,P001,923,1715,103.00
F0703948,P003,922,1715,3.00
F1600491,P501,922,1715,0.00
F1600491,P901,922,1715,13.00
F2300972,P101,924,1715,2.00
F2300972,P201,922,1715,2.00
F2300972,P301,922,1715,7.00
F0501686,P001,922,1715,11.00
F0501686,P001,924,1715,17.00
F0501686,P002,922,1715,8.00
F0501686,P002,923,1715,89.00
F0701702,P001,923,1715,0.00
F0703948,P001,922,1715,3.00
F0703948,P002,923,1715,92.00
F0703948,P003,923,1715,91.00
F1600491,P501,923,1715,0.00
F1700736,P601,923,1715,16.00
F2300972,P101,923,1715,73.00
F2300972,P201,924,1715,2.00
F2300972,P301,924,1715,17.00
F0501686,P002,924,1715,15.00
F0701702,P002,922,1715,56.00
F0703948,P001,924,1715,21.00
F0703948,P002,922,1715,3.00
F0703948,P003,924,1715,15.00
F1600491,P901,923,1715,253.00
F2300972,P101,922,1715,4.00
F1700736,P601,922,1715,6.00
F1700736,P701,922,1715,0.00
F1700736,P701,923,1715,0.00
F2300972,P201,923,1715,83.00
F2300972,P301,923,1715,69.00
F0501686,P001,911,1718,1.40
F0501686,P002,911,1718,1.50
F0703948,P001,911,1718,0.70
F0703948,P003,911,1718,2.40
F1600491,P501,911,1718,11.40
F1600491,P901,911,1718,11.00
F0703948,P002,911,1718,0.90
F1700736,P601,911,1718,10.20
F0701702,P002,911,1718,9.90
F0701702,P001,911,1718,0.00
F2300972,P201,911,1718,0.50
F2300972,P301,911,1718,0.60
F1700736,P701,911,1718,1.60
F2300972,P101,911,1718,2.10
F0501686,P001,911,1724,1.40
F0501686,P002,911,1724,1.50
F0703948,P001,911,1724,0.70
F0703948,P003,911,1724,2.40
F1600491,P501,911,1724,11.40
F1600491,P901,911,1724,10.90
F0703948,P002,911,1724,0.90
F1700736,P601,911,1724,10.20
F0701702,P002,911,1724,9.50
F0701702,P001,911,1724,0.00
F2300972,P201,911,1724,0.60
F2300972,P301,911,1724,0.60
F1700736,P701,911,1724,1.60
F2300972,P101,911,1724,2.10
F0501686,P001,911,1730,1.40
F0501686,P001,923,1730,89.00
F0501686,P002,911,1730,1.50
F0703948,P001,911,1730,0.80
F0703948,P002,924,1730,18.00
F0703948,P003,911,1730,2.40
F1600491,P501,911,1730,11.40
F1600491,P901,911,1730,11.00
F0701702,P001,922,1730,0.00
F0701702,P002,923,1730,204.00
F0703948,P001,923,1730,119.00
F0703948,P002,911,1730,0.90
F0703948,P003,922,1730,3.00
F1600491,P501,922,1730,0.00
F1600491,P901,922,1730,13.00
F1700736,P601,911,1730,10.20
F2300972,P101,924,1730,1.00
F2300972,P201,922,1730,2.00
F2300972,P301,922,1730,5.00
F0501686,P001,922,1730,11.00
F0501686,P001,924,1730,16.00
F0501686,P002,922,1730,9.00
F0501686,P002,923,1730,76.00
F0701702,P001,923,1730,0.00
F0701702,P002,911,1730,9.40
F0703948,P001,922,1730,4.00
F0703948,P002,923,1730,106.00
F0703948,P003,923,1730,93.00
F1600491,P501,923,1730,0.00
F1700736,P601,923,1730,16.00
F2300972,P101,923,1730,81.00
F2300972,P201,924,1730,1.00
F2300972,P301,924,1730,5.00
F0501686,P002,924,1730,15.00
F0701702,P001,911,1730,0.00
F0701702,P002,922,1730,56.00
F0703948,P001,924,1730,22.00
F0703948,P002,922,1730,3.00
F0703948,P003,924,1730,12.00
F1600491,P901,923,1730,251.00
F2300972,P101,922,1730,2.00
F2300972,P201,911,1730,0.60
F2300972,P301,911,1730,0.60
F1700736,P601,922,1730,6.00
F1700736,P701,911,1730,1.70
F1700736,P701,922,1730,0.00
F1700736,P701,923,1730,0.00
F2300972,P101,911,1730,2.10
F2300972,P201,923,1730,84.00
F2300972,P301,923,1730,89.00
F0501686,P001,911,1736,1.40
F0501686,P002,911,1736,1.50
F0703948,P001,911,1736,0.70
F0703948,P003,911,1736,2.40
F1600491,P501,911,1736,11.40
F1600491,P901,911,1736,10.90
F0703948,P002,911,1736,0.90
F1700736,P601,911,1736,10.20
F0701702,P002,911,1736,9.50
F0701702,P001,911,1736,0.00
F2300972,P201,911,1736,0.60
F2300972,P301,911,1736,0.60
F1700736,P701,911,1736,1.70
F2300972,P101,911,1736,2.10
F0501686,P001,911,1742,1.40
F0501686,P002,911,1742,1.50
F0703948,P001,911,1742,0.70
F0703948,P003,911,1742,2.40
F1600491,P501,911,1742,11.40
F1600491,P901,911,1742,11.00
F0703948,P002,911,1742,0.90
F1700736,P601,911,1742,10.20
F0701702,P002,911,1742,9.50
F0701702,P001,911,1742,0.00
F1700736,P701,911,1742,1.60
F0501686,P001,923,1745,86.00
F0703948,P002,924,1745,6.00
F0701702,P001,922,1745,0.00
F0701702,P002,923,1745,211.00
F0703948,P001,923,1745,128.00
F0703948,P003,922,1745,2.00
F1600491,P501,922,1745,0.00
F1600491,P901,922,1745,15.00
F0501686,P001,922,1745,11.00
F0501686,P001,924,1745,19.00
F0501686,P002,922,1745,9.00
F0501686,P002,923,1745,71.00
F0701702,P001,923,1745,0.00
F0703948,P001,922,1745,4.00
F0703948,P002,923,1745,96.00
F0703948,P003,923,1745,87.00
F1600491,P501,923,1745,0.00
F1700736,P601,923,1745,16.00
F0501686,P002,924,1745,18.00
F0701702,P002,922,1745,53.00
F0703948,P001,924,1745,16.00
F0703948,P002,922,1745,3.00
F0703948,P003,924,1745,8.00
F1600491,P901,923,1745,247.00
F1700736,P601,922,1745,6.00
F1700736,P701,922,1745,0.00
F1700736,P701,923,1745,0.00
F0501686,P001,911,1748,1.40
F0501686,P002,911,1748,1.50
F0703948,P001,911,1748,0.70
F0703948,P003,911,1748,2.40
F1600491,P501,911,1748,11.40
F1600491,P901,911,1748,10.90
F0703948,P002,911,1748,0.90
F1700736,P601,911,1748,10.20
F0701702,P002,911,1748,9.90
F0701702,P001,911,1748,0.00
F1700736,P701,911,1748,1.70
F0501686,P001,911,1754,1.40
F0501686,P002,911,1754,1.50
F0703948,P001,911,1754,0.80
F0703948,P003,911,1754,2.40
F1600491,P501,911,1754,11.40
F0703948,P002,911,1754,0.90
F1700736,P601,911,1754,10.40
F0701702,P002,911,1754,9.60
F0701702,P001,911,1754,0.00
F1600491,P901,911,1754,10.90
F1700736,P701,911,1754,1.70
F0703948,P001,911,1800,0.80
F0703948,P002,922,1800,3.00
F0703948,P003,911,1800,2.40
F1600491,P501,922,1800,0.00
F1600491,P901,922,1800,22.00
F1700736,P601,911,1800,10.50
F2300972,P101,922,1800,3.00
F0701702,P001,911,1800,0.00
F0701702,P002,922,1800,50.00
F0703948,P001,924,1800,22.00
F0703948,P002,923,1800,97.00
F0703948,P003,922,1800,2.00
F1600491,P501,911,1800,11.40
F1600491,P901,911,1800,11.00
F1700736,P601,923,1800,16.00
F2300972,P101,923,1800,75.00
F2300972,P201,923,1800,81.00
F2300972,P301,922,1800,6.00
F0701702,P001,922,1800,0.00
F0701702,P002,911,1800,9.60
F0703948,P001,922,1800,3.00
F0703948,P002,924,1800,12.00
F0703948,P003,923,1800,66.00
F1600491,P501,923,1800,0.00
F1700736,P601,922,1800,5.00
F1700736,P701,911,1800,1.70
F1700736,P701,922,1800,0.00
F1700736,P701,923,1800,0.00
F2300972,P101,911,1800,2.10
F2300972,P301,924,1800,1.00
F2300972,P201,911,1800,0.50
F2300972,P201,924,1800,1.00
F2300972,P301,911,1800,0.50
F0701702,P001,923,1800,0.00
F0701702,P002,923,1800,210.00
F0703948,P001,923,1800,129.00
F0703948,P002,911,1800,0.90
F0703948,P003,924,1800,11.00
F1600491,P901,923,1800,243.00
F2300972,P101,924,1800,2.00
F2300972,P201,922,1800,2.00
F2300972,P301,923,1800,88.00
F0501686,P001,911,1806,1.40
F0501686,P002,911,1806,1.40
F0703948,P001,911,1806,0.80
F0703948,P003,911,1806,2.40
F1700736,P601,911,1806,10.20
F0701702,P001,911,1806,0.00
F1600491,P501,911,1806,11.40
F1600491,P901,911,1806,10.90
F0701702,P002,911,1806,9.60
F1700736,P701,911,1806,1.70
F2300972,P101,911,1806,2.10
F2300972,P201,911,1806,0.60
F2300972,P301,911,1806,0.50
F0703948,P002,911,1806,0.90
F0501686,P001,911,1812,1.50
F0501686,P002,911,1812,1.50
F0703948,P001,911,1812,0.80
F0703948,P003,911,1812,2.40
F1700736,P601,911,1812,10.20
F0701702,P001,911,1812,0.00
F1600491,P501,911,1812,11.40
F1600491,P901,911,1812,10.90
F0701702,P002,911,1812,9.60
F1700736,P701,911,1812,1.70
F2300972,P101,911,1812,2.10
F2300972,P201,911,1812,0.70
F2300972,P301,911,1812,0.50
F0703948,P002,911,1812,0.90
F0501686,P001,923,1815,100.00
F0703948,P002,922,1815,3.00
F1600491,P501,922,1815,0.00
F1600491,P901,922,1815,29.00
F0501686,P002,924,1815,17.00
F0701702,P002,922,1815,42.00
F0703948,P001,924,1815,25.00
F0703948,P002,923,1815,97.00
F0703948,P003,922,1815,3.00
F1700736,P601,923,1815,16.00
F2300972,P101,923,1815,82.00
F2300972,P201,923,1815,76.00
F2300972,P301,922,1815,5.00
F0701702,P001,922,1815,0.00
F0703948,P001,922,1815,3.00
F0703948,P002,924,1815,17.00
F0703948,P003,923,1815,89.00
F1600491,P501,923,1815,0.00
F1700736,P601,922,1815,5.00
F1700736,P701,922,1815,0.00
F1700736,P701,923,1815,0.00
F2300972,P301,924,1815,2.00
F2300972,P101,922,1815,2.00
F2300972,P201,924,1815,1.00
F0501686,P001,922,1815,10.00
F0501686,P001,924,1815,17.00
F0501686,P002,922,1815,8.00
F0501686,P002,923,1815,83.00
F0701702,P001,923,1815,0.00
F0701702,P002,923,1815,205.00
F0703948,P001,923,1815,105.00
F0703948,P003,924,1815,12.00
F1600491,P901,923,1815,243.00
F2300972,P101,924,1815,1.00
F2300972,P201,922,1815,4.00
F2300972,P301,923,1815,82.00
F0501686,P001,911,1818,1.50
F0501686,P002,911,1818,1.40
F0703948,P001,911,1818,0.70
F0703948,P003,911,1818,2.40
F1700736,P601,911,1818,10.20
F0701702,P001,911,1818,0.00
F1600491,P501,911,1818,11.40
F1600491,P901,911,1818,11.00
F0701702,P002,911,1818,9.90
F1700736,P701,911,1818,1.60
F2300972,P101,911,1818,2.10
F2300972,P201,911,1818,0.90
F2300972,P301,911,1818,0.50
F0703948,P002,911,1818,0.90
F0501686,P001,911,1824,1.50
F0501686,P002,911,1824,1.40
F0703948,P001,911,1824,0.70
F0703948,P003,911,1824,2.40
F1700736,P601,911,1824,10.20
F0701702,P001,911,1824,0.00
F1600491,P501,911,1824,11.40
F1600491,P901,911,1824,10.90
F0701702,P002,911,1824,9.60
F1700736,P701,911,1824,1.60
F2300972,P101,911,1824,2.10
F2300972,P201,911,1824,0.80
F2300972,P301,911,1824,0.40
F0703948,P002,911,1824,0.90
F0501686,P001,911,1830,1.40
F0501686,P001,923,1830,107.00
F0501686,P002,911,1830,1.40
F0703948,P001,911,1830,0.70
F0703948,P002,922,1830,3.00
F0703948,P003,911,1830,2.40
F1600491,P501,922,1830,0.00
F1600491,P901,922,1830,52.00
F1700736,P601,911,1830,10.20
F0501686,P002,924,1830,17.00
F0701702,P001,911,1830,0.00
F0701702,P002,922,1830,34.00
F0703948,P001,924,1830,10.00
F0703948,P002,923,1830,83.00
F0703948,P003,922,1830,2.00
F1600491,P501,911,1830,11.40
F1600491,P901,911,1830,11.00
F1700736,P601,923,1830,16.00
F0701702,P001,922,1830,0.00
F0701702,P002,911,1830,9.60
F0703948,P001,922,1830,3.00
F0703948,P002,924,1830,3.00
F0703948,P003,923,1830,85.00
F1600491,P501,923,1830,0.00
F1700736,P601,922,1830,6.00
F1700736,P701,911,1830,1.70
F1700736,P701,922,1830,0.00
F1700736,P701,923,1830,0.00
F2300972,P101,911,1830,2.10
F2300972,P201,911,1830,0.80
F2300972,P301,911,1830,0.40
F0501686,P001,922,1830,11.00
F0501686,P001,924,1830,17.00
F0501686,P002,922,1830,10.00
F0501686,P002,923,1830,78.00
F0701702,P001,923,1830,0.00
F0701702,P002,923,1830,208.00
F0703948,P001,923,1830,91.00
F0703948,P002,911,1830,0.90
F0703948,P003,924,1830,9.00
F1600491,P901,923,1830,246.00
F0501686,P001,911,1836,1.50
F0501686,P002,911,1836,1.50
F0703948,P001,911,1836,0.80
F0703948,P003,911,1836,2.40
F1700736,P601,911,1836,10.20
F0701702,P001,911,1836,0.00
F1600491,P501,911,1836,11.50
F1600491,P901,911,1836,10.90
F0701702,P002,911,1836,9.60
F1700736,P701,911,1836,1.60
F2300972,P101,911,1836,2.10
F2300972,P201,911,1836,0.80
F2300972,P301,911,1836,0.40
F0703948,P002,911,1836,0.90
F0501686,P001,911,1842,1.50
F0501686,P002,911,1842,1.50
F0703948,P001,911,1842,0.80
F0703948,P003,911,1842,2.40
F1700736,P601,911,1842,10.20
F0701702,P001,911,1842,0.00
F1600491,P501,911,1842,11.50
F1600491,P901,911,1842,10.90
F0701702,P002,911,1842,9.60
F1700736,P701,911,1842,1.70
F0703948,P002,911,1842,0.90
F0501686,P001,923,1845,91.00
F0703948,P002,922,1845,3.00
F1600491,P501,922,1845,0.00
F1600491,P901,922,1845,35.00
F0501686,P002,924,1845,17.00
F0701702,P002,922,1845,28.00
F0703948,P001,924,1845,21.00
F0703948,P002,923,1845,101.00
F0703948,P003,922,1845,2.00
F1700736,P601,923,1845,16.00
F0701702,P001,922,1845,0.00
F0703948,P001,922,1845,3.00
F0703948,P002,924,1845,15.00
F0703948,P003,923,1845,119.00
F1600491,P501,923,1845,0.00
F1700736,P601,922,1845,6.00
F1700736,P701,922,1845,0.00
F1700736,P701,923,1845,0.00
F0501686,P001,922,1845,11.00
F0501686,P001,924,1845,19.00
F0501686,P002,922,1845,9.00
F0501686,P002,923,1845,76.00
F0701702,P001,923,1845,0.00
F0701702,P002,923,1845,204.00
F0703948,P001,923,1845,90.00
F0703948,P003,924,1845,3.00
F1600491,P901,923,1845,246.00
F0501686,P001,911,1848,1.50
F0501686,P002,911,1848,1.50
F0703948,P001,911,1848,0.80
F0703948,P003,911,1848,2.40
F1700736,P601,911,1848,10.20
F0701702,P001,911,1848,0.00
F1600491,P501,911,1848,11.50
F1600491,P901,911,1848,10.90
F0701702,P002,911,1848,9.90
F1700736,P701,911,1848,1.70
F0703948,P002,911,1848,0.90
F0501686,P001,911,1854,1.50
F0501686,P002,911,1854,1.50
F0703948,P001,911,1854,0.80
F0703948,P003,911,1854,2.40
F1700736,P601,911,1854,10.20
F0701702,P001,911,1854,0.00
F1600491,P501,911,1854,11.50
F1600491,P901,911,1854,10.90
F0701702,P002,911,1854,9.60
F1700736,P701,911,1854,1.70
F0703948,P002,911,1854,0.90
F0701702,P001,922,1900,0.00
F0701702,P002,923,1900,202.00
F0703948,P001,923,1900,90.00
F0703948,P002,911,1900,0.90
F0703948,P003,911,1900,2.40
F1600491,P501,911,1900,11.50
F1600491,P901,911,1900,10.90
F0701702,P001,923,1900,0.00
F0701702,P002,911,1900,9.60
F0703948,P001,922,1900,3.00
F0703948,P002,924,1900,8.00
F0703948,P003,922,1900,3.00
F1600491,P501,923,1900,0.00
F1700736,P601,922,1900,6.00
F1700736,P701,911,1900,1.70
F1700736,P701,922,1900,0.00
F1700736,P701,923,1900,0.00
F2300972,P101,911,1900,2.10
F0701702,P001,911,1900,0.00
F0701702,P002,922,1900,25.00
F0703948,P001,924,1900,24.00
F0703948,P002,923,1900,106.00
F0703948,P003,923,1900,119.00
F1600491,P501,922,1900,0.00
F1600491,P901,922,1900,27.00
F1700736,P601,911,1900,10.20
F2300972,P101,924,1900,1.00
F2300972,P201,923,1900,78.00
F2300972,P301,923,1900,79.00
F1700736,P601,923,1900,16.00
F2300972,P101,923,1900,74.00
F2300972,P201,924,1900,1.00
F2300972,P301,924,1900,2.00
F2300972,P201,911,1900,0.90
F2300972,P301,911,1900,0.50
F0703948,P001,911,1900,0.80
F0703948,P002,922,1900,4.00
F0703948,P003,924,1900,7.00
F1600491,P901,923,1900,238.00
F2300972,P101,922,1900,3.00
F2300972,P201,922,1900,4.00
F2300972,P301,922,1900,8.00
F0501686,P001,911,1906,1.50
F0501686,P002,911,1906,1.40
F0703948,P002,911,1906,0.90
F0703948,P003,911,1906,2.40
F1600491,P501,911,1906,11.50
F0701702,P002,911,1906,9.50
F1700736,P701,911,1906,1.70
F2300972,P101,911,1906,2.10
F0701702,P001,911,1906,0.00
F1700736,P601,911,1906,10.20
F1600491,P901,911,1906,11.00
F2300972,P201,911,1906,0.80
F2300972,P301,911,1906,0.60
F0703948,P001,911,1906,0.80
F0501686,P001,911,1912,1.50
F0501686,P002,911,1912,1.40
F0703948,P002,911,1912,0.90
F0703948,P003,911,1912,2.40
F1600491,P501,911,1912,11.50
F0701702,P002,911,1912,9.60
F1700736,P701,911,1912,1.70
F2300972,P101,911,1912,2.10
F0701702,P001,911,1912,0.00
F1700736,P601,911,1912,10.20
F1600491,P901,911,1912,10.90
F2300972,P201,911,1912,0.80
F2300972,P301,911,1912,0.60
F0703948,P001,911,1912,0.80
F0501686,P001,923,1915,94.00
F0701702,P001,922,1915,0.00
F0701702,P002,923,1915,205.00
F0703948,P001,923,1915,77.00
F0501686,P001,922,1915,12.00
F0501686,P001,924,1915,18.00
F0701702,P001,923,1915,0.00
F0703948,P001,922,1915,3.00
F0703948,P002,924,1915,5.00
F0703948,P003,922,1915,8.00
F1600491,P501,923,1915,0.00
F1700736,P601,922,1915,6.00
F1700736,P701,922,1915,0.00
F1700736,P701,923,1915,0.00
F0501686,P002,924,1915,16.00
F0701702,P002,922,1915,23.00
F0703948,P001,924,1915,29.00
F0703948,P002,923,1915,88.00
F0703948,P003,923,1915,138.00
F1600491,P501,922,1915,0.00
F1600491,P901,922,1915,25.00
F2300972,P101,924,1915,2.00
F2300972,P201,923,1915,73.00
F2300972,P301,923,1915,73.00
F1700736,P601,923,1915,16.00
F2300972,P101,923,1915,74.00
F2300972,P201,924,1915,1.00
F2300972,P301,924,1915,3.00
F0501686,P002,922,1915,7.00
F0501686,P002,923,1915,86.00
F0703948,P002,922,1915,4.00
F0703948,P003,924,1915,9.00
F1600491,P901,923,1915,234.00
F2300972,P101,922,1915,4.00
F2300972,P201,922,1915,5.00
F2300972,P301,922,1915,8.00
F0501686,P001,911,1918,1.50
F0501686,P002,911,1918,1.40
F0703948,P002,911,1918,0.90
F0703948,P003,911,1918,2.40
F1600491,P501,911,1918,11.50
F0701702,P002,911,1918,9.90
F1700736,P701,911,1918,1.70
F2300972,P101,911,1918,2.10
F0701702,P001,911,1918,0.00
F1700736,P601,911,1918,10.20
F1600491,P901,911,1918,10.90
F2300972,P201,911,1918,0.90
F2300972,P301,911,1918,0.70
F0703948,P001,911,1918,0.70
F0501686,P001,911,1924,1.40
F0501686,P002,911,1924,1.40
F0703948,P002,911,1924,0.90
F0703948,P003,911,1924,2.40
F1600491,P501,911,1924,11.50
F0701702,P002,911,1924,9.60
F1700736,P701,911,1924,1.60
F2300972,P101,911,1924,2.10
F0701702,P001,911,1924,0.00
F1700736,P601,911,1924,10.10
F1600491,P901,911,1924,10.90
F2300972,P201,911,1924,1.00
F2300972,P301,911,1924,0.70
F0703948,P001,911,1924,0.80
F0501686,P001,911,1930,1.40
F0501686,P001,923,1930,99.00
F0501686,P002,911,1930,1.40
F0701702,P001,922,1930,0.00
F0701702,P002,923,1930,207.00
F0703948,P001,923,1930,86.00
F0703948,P002,911,1930,0.90
F0703948,P003,911,1930,2.40
F1600491,P501,911,1930,11.50
F0501686,P001,922,1930,11.00
F0501686,P001,924,1930,17.00
F0701702,P001,923,1930,0.00
F0701702,P002,911,1930,9.50
F0703948,P001,922,1930,4.00
F0703948,P002,924,1930,8.00
F0703948,P003,922,1930,9.00
F1600491,P501,923,1930,0.00
F1700736,P601,922,1930,5.00
F1700736,P701,911,1930,1.60
F1700736,P701,922,1930,0.00
F1700736,P701,923,1930,0.00
F2300972,P101,911,1930,2.10
F0501686,P002,924,1930,15.00
F0701702,P001,911,1930,0.00
F0701702,P002,922,1930,27.00
F0703948,P001,924,1930,19.00
F0703948,P002,923,1930,93.00
F0703948,P003,923,1930,99.00
F1600491,P501,922,1930,0.00
F1600491,P901,922,1930,28.00
F1700736,P601,911,1930,10.10
F2300972,P101,924,1930,2.00
F2300972,P201,923,1930,85.00
F2300972,P301,923,1930,75.00
F1600491,P901,911,1930,10.90
F1700736,P601,923,1930,16.00
F2300972,P101,923,1930,66.00
F2300972,P201,924,1930,1.00
F2300972,P301,924,1930,5.00
F2300972,P201,911,1930,1.00
F2300972,P301,911,1930,0.70
F0501686,P002,922,1930,8.00
F0501686,P002,923,1930,90.00
F0703948,P001,911,1930,0.80
F0703948,P002,922,1930,4.00
F0703948,P003,924,1930,8.00
F1600491,P901,923,1930,239.00
F2300972,P101,922,1930,4.00
F2300972,P201,922,1930,4.00
F2300972,P301,922,1930,10.00
F0501686,P001,911,1936,1.40
F0501686,P002,911,1936,1.40
F0703948,P002,911,1936,0.90
F0703948,P003,911,1936,2.40
F1600491,P501,911,1936,11.50
F0701702,P002,911,1936,9.60
F1700736,P701,911,1936,1.60
F0701702,P001,911,1936,0.00
F1700736,P601,911,1936,10.10
F1600491,P901,911,1936,10.90
F2300972,P101,911,1936,2.10
F2300972,P201,911,1936,1.00
F2300972,P301,911,1936,0.70
F0703948,P001,911,1936,0.80
F0501686,P001,911,1942,1.40
F0501686,P002,911,1942,1.40
F0703948,P002,911,1942,0.90
F0703948,P003,911,1942,2.40
F1600491,P501,911,1942,11.50
F0701702,P002,911,1942,9.50
F1700736,P701,911,1942,1.60
F0701702,P001,911,1942,0.00
F1700736,P601,911,1942,10.10
F1600491,P901,911,1942,10.90
F0703948,P001,911,1942,0.70
F0501686,P001,923,1945,90.00
F0701702,P001,922,1945,0.00
F0701702,P002,923,1945,205.00
F0703948,P001,923,1945,86.00
F0501686,P001,922,1945,11.00
F0501686,P001,924,1945,18.00
F0701702,P001,923,1945,0.00
F0703948,P001,922,1945,4.00
F0703948,P002,924,1945,12.00
F0703948,P003,922,1945,11.00
F1600491,P501,923,1945,0.00
F1700736,P601,922,1945,5.00
F1700736,P701,922,1945,0.00
F1700736,P701,923,1945,0.00
F0501686,P002,924,1945,16.00
F0701702,P002,922,1945,42.00
F0703948,P001,924,1945,25.00
F0703948,P002,923,1945,92.00
F0703948,P003,923,1945,106.00
F1600491,P501,922,1945,0.00
F1600491,P901,922,1945,29.00
F1700736,P601,923,1945,16.00
F0501686,P002,922,1945,7.00
F0501686,P002,923,1945,84.00
F0703948,P002,922,1945,4.00
F0703948,P003,924,1945,10.00
F1600491,P901,923,1945,238.00
F0501686,P001,911,1948,1.40
F0501686,P002,911,1948,1.40
F0703948,P002,911,1948,0.90
F0703948,P003,911,1948,2.40
F1600491,P501,911,1948,11.50
F0701702,P002,911,1948,9.90
F1700736,P701,911,1948,1.60
F0701702,P001,911,1948,0.00
F1700736,P601,911,1948,10.10
F1600491,P901,911,1948,10.90
F0703948,P001,911,1948,0.80
F0501686,P001,911,1954,1.40
F0501686,P002,911,1954,1.40
F0703948,P002,911,1954,0.90
F0703948,P003,911,1954,2.40
F1600491,P501,911,1954,11.50
F0701702,P002,911,1954,9.60
F1700736,P701,911,1954,1.60
F0701702,P001,911,1954,0.00
F1700736,P601,911,1954,10.00
F1600491,P901,911,1954,10.90
F0703948,P001,911,1954,0.80
F0701702,P001,911,2000,0.00
F0701702,P002,922,2000,40.00
F0703948,P001,924,2000,24.00
F0703948,P002,923,2000,79.00
F0703948,P003,924,2000,7.00
F1600491,P501,922,2000,0.00
F1700736,P601,922,2000,5.00
F1700736,P701,911,2000,1.60
F1700736,P701,922,2000,0.00
F1700736,P701,923,2000,0.00
F2300972,P101,911,2000,2.10
F2300972,P201,922,2000,4.00
F2300972,P301,922,2000,8.00
F0701702,P001,922,2000,0.00
F0701702,P002,911,2000,9.50
F0703948,P001,922,2000,6.00
F0703948,P002,922,2000,4.00
F0703948,P003,922,2000,7.00
F1600491,P501,923,2000,0.00
F1600491,P901,922,2000,29.00
F1700736,P601,911,2000,10.00
F2300972,P101,922,2000,4.00
F2300972,P201,911,2000,0.80
F2300972,P301,924,2000,2.00
F0703948,P001,911,2000,0.80
F0703948,P002,924,2000,5.00
F0703948,P003,923,2000,100.00
F1600491,P501,911,2000,11.50
F1600491,P901,911,2000,10.80
F1700736,P601,923,2000,16.00
F2300972,P101,923,2000,69.00
F2300972,P201,924,2000,2.00
F2300972,P301,911,2000,0.60
F0701702,P001,923,2000,0.00
F0701702,P002,923,2000,209.00
F0703948,P001,923,2000,81.00
F0703948,P002,911,2000,0.90
F0703948,P003,911,2000,2.40
F1600491,P901,923,2000,236.00
F2300972,P101,924,2000,2.00
F2300972,P201,923,2000,85.00
F2300972,P301,923,2000,85.00
F0501686,P001,911,2006,1.40
F0501686,P002,911,2006,1.40
F0701702,P001,911,2006,0.00
F1700736,P701,911,2006,1.60
F2300972,P101,911,2006,2.10
F0701702,P002,911,2006,9.60
F1700736,P601,911,2006,10.00
F2300972,P201,911,2006,0.80
F0703948,P001,911,2006,0.70
F1600491,P501,911,2006,11.50
F1600491,P901,911,2006,10.80
F2300972,P301,911,2006,0.60
F0703948,P002,911,2006,1.00
F0703948,P003,911,2006,2.50
F0501686,P001,911,2012,1.50
F0501686,P002,911,2012,1.40
F0701702,P001,911,2012,0.00
F1700736,P701,911,2012,1.50
F2300972,P101,911,2012,2.10
F0701702,P002,911,2012,9.50
F1700736,P601,911,2012,10.00
F2300972,P201,911,2012,0.80
F0703948,P001,911,2012,0.70
F1600491,P501,911,2012,11.50
F1600491,P901,911,2012,10.80
F2300972,P301,911,2012,0.60
F0703948,P002,911,2012,0.90
F0703948,P003,911,2012,2.50
F0501686,P001,923,2015,88.00
F0701702,P002,922,2015,56.00
F0703948,P001,924,2015,19.00
F0703948,P002,923,2015,101.00
F0703948,P003,924,2015,6.00
F1600491,P501,922,2015,0.00
F1700736,P601,922,2015,5.00
F1700736,P701,922,2015,0.00
F1700736,P701,923,2015,0.00
F2300972,P201,922,2015,5.00
F2300972,P301,922,2015,9.00
F0701702,P001,922,2015,0.00
F0703948,P001,922,2015,7.00
F0703948,P002,922,2015,5.00
F0703948,P003,922,2015,6.00
F1600491,P501,923,2015,0.00
F1600491,P901,922,2015,30.00
F2300972,P101,922,2015,3.00
F2300972,P301,924,2015,2.00
F0501686,P002,924,2015,15.00
F0703948,P002,924,2015,15.00
F0703948,P003,923,2015,99.00
F1700736,P601,923,2015,16.00
F2300972,P101,923,2015,75.00
F2300972,P201,924,2015,1.00
F0501686,P001,922,2015,11.00
F0501686,P001,924,2015,19.00
F0501686,P002,922,2015,6.00
F0501686,P002,923,2015,84.00
F0701702,P001,923,2015,0.00
F0701702,P002,923,2015,207.00
F0703948,P001,923,2015,88.00
F1600491,P901,923,2015,239.00
F2300972,P101,924,2015,1.00
F2300972,P201,923,2015,82.00
F2300972,P301,923,2015,89.00
F0501686,P001,911,2018,1.50
F0501686,P002,911,2018,1.40
F0701702,P001,911,2018,0.00
F1700736,P701,911,2018,1.60
F2300972,P101,911,2018,2.10
F0701702,P002,911,2018,9.90
F1700736,P601,911,2018,10.00
F2300972,P201,911,2018,0.80
F0703948,P001,911,2018,0.80
F1600491,P501,911,2018,11.50
F1600491,P901,911,2018,10.90
F2300972,P301,911,2018,0.70
F0703948,P002,911,2018,0.90
F0703948,P003,911,2018,2.50
F0501686,P001,911,2024,1.50
F0501686,P002,911,2024,1.40
F0701702,P001,911,2024,0.00
F1700736,P701,911,2024,1.60
F2300972,P101,911,2024,2.10
F0701702,P002,911,2024,9.60
F1700736,P601,911,2024,10.00
F2300972,P201,911,2024,0.70
F0703948,P001,911,2024,0.80
F1600491,P501,911,2024,11.50
F1600491,P901,911,2024,11.00
F2300972,P301,911,2024,0.70
F0703948,P002,911,2024,0.90
F0703948,P003,911,2024,2.50
F0501686,P001,911,2030,1.50
F0501686,P001,923,2030,81.00
F0501686,P002,911,2030,1.40
F0701702,P001,911,2030,0.00
F0701702,P002,922,2030,68.00
F0703948,P001,924,2030,21.00
F0703948,P002,923,2030,104.00
F0703948,P003,924,2030,13.00
F1600491,P501,922,2030,0.00
F1700736,P601,922,2030,5.00
F1700736,P701,911,2030,1.60
F1700736,P701,922,2030,0.00
F1700736,P701,923,2030,0.00
F2300972,P101,911,2030,2.10
F0701702,P001,922,2030,0.00
F0701702,P002,911,2030,9.50
F0703948,P001,922,2030,7.00
F0703948,P002,922,2030,5.00
F0703948,P003,922,2030,5.00
F1600491,P501,923,2030,0.00
F1600491,P901,922,2030,30.00
F1700736,P601,911,2030,10.10
F2300972,P201,911,2030,0.70
F0501686,P002,924,2030,18.00
F0703948,P001,911,2030,0.80
F0703948,P002,924,2030,25.00
F0703948,P003,923,2030,96.00
F1600491,P501,911,2030,11.50
F1600491,P901,911,2030,10.90
F1700736,P601,923,2030,16.00
F2300972,P301,911,2030,0.60
F0501686,P001,922,2030,13.00
F0501686,P001,924,2030,19.00
F0501686,P002,922,2030,7.00
F0501686,P002,923,2030,71.00
F0701702,P001,923,2030,0.00
F0701702,P002,923,2030,207.00
F0703948,P001,923,2030,97.00
F0703948,P002,911,2030,0.90
F0703948,P003,911,2030,2.50
F1600491,P901,923,2030,238.00
F0501686,P001,911,2036,1.40
F0501686,P002,911,2036,1.40
F0701702,P001,911,2036,0.00
F1700736,P701,911,2036,1.60
F2300972,P101,911,2036,2.10
F0701702,P002,911,2036,9.50
F1700736,P601,911,2036,10.20
F2300972,P201,911,2036,0.70
F0703948,P001,911,2036,0.80
F1600491,P501,911,2036,11.50
F1600491,P901,911,2036,11.00
F2300972,P301,911,2036,0.60
F0703948,P002,911,2036,0.90
F0703948,P003,911,2036,2.50
F0501686,P001,911,2042,1.40
F0501686,P002,911,2042,1.40
F0701702,P001,911,2042,0.00
F1700736,P701,911,2042,1.60
F0701702,P002,911,2042,9.50
F1700736,P601,911,2042,9.90
F0703948,P001,911,2042,0.80
F1600491,P501,911,2042,11.60
F1600491,P901,911,2042,11.00
F0703948,P002,911,2042,0.90
F0703948,P003,911,2042,2.50
F0501686,P001,923,2045,86.00
F0701702,P002,922,2045,60.00
F0703948,P001,924,2045,30.00
F0703948,P002,923,2045,86.00
F0703948,P003,924,2045,6.00
F1600491,P501,922,2045,0.00
F1700736,P601,922,2045,5.00
F1700736,P701,922,2045,0.00
F1700736,P701,923,2045,1.00
F0701702,P001,922,2045,0.00
F0703948,P001,922,2045,5.00
F0703948,P002,922,2045,4.00
F0703948,P003,922,2045,6.00
F1600491,P501,923,2045,0.00
F1600491,P901,922,2045,29.00
F0501686,P002,924,2045,55.00
F0703948,P002,924,2045,25.00
F0703948,P003,923,2045,96.00
F1700736,P601,923,2045,16.00
F0501686,P001,922,2045,13.00
F0501686,P001,924,2045,18.00
F0501686,P002,922,2045,7.00
F0501686,P002,923,2045,75.00
F0701702,P001,923,2045,0.00
F0701702,P002,923,2045,205.00
F0703948,P001,923,2045,101.00
F1600491,P901,923,2045,239.00
F0501686,P001,911,2048,1.40
F0501686,P002,911,2048,1.40
F0701702,P001,911,2048,0.00
F1700736,P701,911,2048,1.50
F0701702,P002,911,2048,9.90
F1700736,P601,911,2048,9.90
F0703948,P001,911,2048,0.80
F1600491,P501,911,2048,11.60
F1600491,P901,911,2048,10.90
F0703948,P002,911,2048,0.90
F0703948,P003,911,2048,2.50
F0501686,P001,911,2054,1.40
F0501686,P002,911,2054,1.40
F0701702,P001,911,2054,0.00
F1700736,P701,911,2054,1.50
F0701702,P002,911,2054,9.60
F1700736,P601,911,2054,9.90
F0703948,P001,911,2054,0.80
F1600491,P501,911,2054,11.60
F1600491,P901,911,2054,10.90
F0703948,P002,911,2054,0.90
F0703948,P003,911,2054,2.50
F0701702,P001,923,2100,0.00
F0701702,P002,923,2100,204.00
F0703948,P001,923,2100,113.00
F0703948,P002,911,2100,0.90
F0703948,P003,922,2100,5.00
F1600491,P501,911,2100,11.60
F1600491,P901,911,2100,10.80
F1700736,P601,923,2100,16.00
F2300972,P101,911,2100,2.10
F2300972,P201,911,2100,0.70
F0701702,P001,911,2100,0.00
F0701702,P002,922,2100,59.00
F0703948,P001,924,2100,20.00
F0703948,P002,923,2100,0.00
F0703948,P003,923,2100,107.00
F1600491,P501,923,2100,0.00
F1700736,P601,922,2100,5.00
F1700736,P701,911,2100,1.50
F1700736,P701,922,2100,0.00
F1700736,P701,923,2100,0.00
F2300972,P101,923,2100,70.00
F2300972,P201,924,2100,1.00
F2300972,P301,911,2100,0.50
F0701702,P001,922,2100,0.00
F0701702,P002,911,2100,9.50
F0703948,P001,922,2100,5.00
F0703948,P002,922,2100,0.00
F0703948,P003,924,2100,11.00
F1600491,P901,923,2100,237.00
F2300972,P101,922,2100,4.00
F2300972,P201,922,2100,5.00
F2300972,P301,922,2100,8.00
F2300972,P301,924,2100,12.00
F0703948,P001,911,2100,0.80
F0703948,P002,924,2100,0.00
F0703948,P003,911,2100,2.50
F1600491,P501,922,2100,0.00
F1600491,P901,922,2100,30.00
F1700736,P601,911,2100,9.90
F2300972,P101,924,2100,2.00
F2300972,P201,923,2100,79.00
F2300972,P301,923,2100,77.00
F0703948,P002,911,2106,0.90
F1600491,P501,911,2106,11.50
F1600491,P901,911,2106,10.80
F2300972,P101,911,2106,2.10
F0701702,P001,911,2106,0.00
F1700736,P701,911,2106,1.50
F2300972,P301,911,2106,0.60
F0501686,P001,911,2106,1.40
F0501686,P002,911,2106,1.40
F0701702,P002,911,2106,9.50
F2300972,P201,911,2106,0.70
F0703948,P001,911,2106,0.80
F0703948,P003,911,2106,2.50
F1700736,P601,911,2106,9.90
F0703948,P002,911,2112,1.00
F1600491,P501,911,2112,11.60
F1600491,P901,911,2112,10.90
F2300972,P101,911,2112,2.10
F0701702,P001,911,2112,0.00
F1700736,P701,911,2112,1.50
F0501686,P001,911,2112,1.40
F0501686,P002,911,2112,1.40
F0701702,P002,911,2112,9.60
F2300972,P201,911,2112,0.70
F2300972,P301,911,2112,0.60
F0703948,P001,911,2112,0.80
F0703948,P003,911,2112,2.50
F1700736,P601,911,2112,9.80
F0501686,P002,922,2115,8.00
F0501686,P002,923,2115,91.00
F0701702,P001,923,2115,0.00
F0701702,P002,923,2115,219.00
F0703948,P001,923,2115,109.00
F0703948,P003,922,2115,5.00
F1700736,P601,923,2115,16.00
F0501686,P001,922,2115,11.00
F0501686,P001,924,2115,16.00
F0701702,P002,922,2115,61.00
F0703948,P001,924,2115,27.00
F0703948,P002,923,2115,0.00
F0703948,P003,923,2115,126.00
F1600491,P501,923,2115,0.00
F1700736,P601,922,2115,6.00
F1700736,P701,922,2115,0.00
F1700736,P701,923,2115,1.00
F2300972,P101,923,2115,88.00
F2300972,P201,924,2115,1.00
F0501686,P001,923,2115,108.00
F0701702,P001,922,2115,0.00
F0703948,P001,922,2115,8.00
F0703948,P002,922,2115,0.00
F0703948,P003,924,2115,10.00
F1600491,P901,923,2115,242.00
F2300972,P101,922,2115,3.00
F2300972,P201,922,2115,5.00
F2300972,P301,922,2115,11.00
F2300972,P301,924,2115,6.00
F0501686,P002,924,2115,15.00
F0703948,P002,924,2115,0.00
F1600491,P501,922,2115,0.00
F1600491,P901,922,2115,29.00
F2300972,P101,924,2115,1.00
F2300972,P201,923,2115,81.00
F2300972,P301,923,2115,81.00
F0703948,P002,911,2118,0.90
F1600491,P501,911,2118,11.60
F1600491,P901,911,2118,10.80
F2300972,P101,911,2118,2.10
F0701702,P001,911,2118,0.00
F1700736,P701,911,2118,1.50
F0501686,P001,911,2118,1.40
F0501686,P002,911,2118,1.40
F0701702,P002,911,2118,10.00
F2300972,P201,911,2118,0.70
F2300972,P301,911,2118,0.70
F0703948,P001,911,2118,0.70
F0703948,P003,911,2118,2.50
F1700736,P601,911,2118,9.80
F0703948,P002,911,2124,0.90
F1600491,P501,911,2124,11.60
F1600491,P901,911,2124,10.80
F2300972,P101,911,2124,2.10
F0701702,P001,911,2124,0.00
F1700736,P701,911,2124,1.50
F0501686,P001,911,2124,1.40
F0501686,P002,911,2124,1.40
F0701702,P002,911,2124,9.60
F2300972,P201,911,2124,0.70
F2300972,P301,911,2124,0.60
F0703948,P001,911,2124,0.80
F0703948,P003,911,2124,2.50
F1700736,P601,911,2124,9.90
F0501686,P002,922,2130,11.00
F0501686,P002,923,2130,86.00
F0701702,P001,923,2130,0.00
F0701702,P002,923,2130,201.00
F0703948,P001,923,2130,116.00
F0703948,P002,911,2130,0.90
F0703948,P003,922,2130,5.00
F1600491,P501,911,2130,11.60
F1600491,P901,911,2130,10.90
F1700736,P601,923,2130,16.00
F2300972,P101,911,2130,2.10
F0501686,P001,922,2130,12.00
F0501686,P001,924,2130,16.00
F0701702,P001,911,2130,0.00
F0701702,P002,922,2130,61.00
F0703948,P001,924,2130,10.00
F0703948,P002,923,2130,0.00
F0703948,P003,923,2130,106.00
F1600491,P501,923,2130,0.00
F1700736,P601,922,2130,6.00
F1700736,P701,911,2130,1.50
F1700736,P701,922,2130,0.00
F1700736,P701,923,2130,1.00
F0501686,P001,911,2130,1.40
F0501686,P001,923,2130,100.00
F0501686,P002,911,2130,1.40
F0701702,P001,922,2130,0.00
F0701702,P002,911,2130,9.50
F0703948,P001,922,2130,6.00
F0703948,P002,922,2130,0.00
F0703948,P003,924,2130,5.00
F1600491,P901,923,2130,240.00
F2300972,P201,911,2130,0.80
F2300972,P301,911,2130,0.50
F0501686,P002,924,2130,16.00
F0703948,P001,911,2130,0.90
F0703948,P002,924,2130,0.00
F0703948,P003,911,2130,2.50
F1600491,P501,922,2130,0.00
F1600491,P901,922,2130,28.00
F1700736,P601,911,2130,9.90
F0703948,P002,911,2136,0.90
F1600491,P501,911,2136,11.60
F1600491,P901,911,2136,10.80
F2300972,P101,911,2136,2.10
F0701702,P001,911,2136,0.00
F1700736,P701,911,2136,1.60
F0501686,P001,911,2136,1.40
F0501686,P002,911,2136,1.40
F0701702,P002,911,2136,9.50
F2300972,P201,911,2136,0.70
F2300972,P301,911,2136,0.60
F0703948,P001,911,2136,0.70
F0703948,P003,911,2136,2.50
F1700736,P601,911,2136,9.80
F0703948,P002,911,2142,0.90
F1600491,P501,911,2142,11.60
F1600491,P901,911,2142,10.90
F0701702,P001,911,2142,0.00
F1700736,P701,911,2142,1.50
F0501686,P001,911,2142,1.40
F0501686,P002,911,2142,1.40
F0701702,P002,911,2142,9.50
F0703948,P001,911,2142,0.70
F0703948,P003,911,2142,2.50
F1700736,P601,911,2142,9.80
F0501686,P002,922,2145,8.00
F0501686,P002,923,2145,85.00
F0701702,P001,923,2145,0.00
F0701702,P002,923,2145,203.00
F0703948,P001,923,2145,125.00
F0703948,P003,922,2145,8.00
F1700736,P601,923,2145,16.00
F0501686,P001,922,2145,13.00
F0501686,P001,924,2145,18.00
F0701702,P002,922,2145,58.00
F0703948,P001,924,2145,17.00
F0703948,P002,923,2145,0.00
F0703948,P003,923,2145,74.00
F1600491,P501,923,2145,0.00
F1700736,P601,922,2145,5.00
F1700736,P701,922,2145,0.00
F1700736,P701,923,2145,1.00
F0501686,P001,923,2145,93.00
F0701702,P001,922,2145,0.00
F0703948,P001,922,2145,5.00
F0703948,P002,922,2145,0.00
F0703948,P003,924,2145,14.00
F1600491,P901,923,2145,241.00
F0501686,P002,924,2145,16.00
F0703948,P002,924,2145,0.00
F1600491,P501,922,2145,0.00
F1600491,P901,922,2145,28.00
F0703948,P002,911,2148,0.90
F1600491,P501,911,2148,11.60
F1600491,P901,911,2148,10.90
F0701702,P001,911,2148,0.00
F1700736,P701,911,2148,1.50
F0501686,P001,911,2148,1.40
F0501686,P002,911,2148,1.40
F0701702,P002,911,2148,9.90
F0703948,P001,911,2148,0.80
F0703948,P003,911,2148,2.50
F1700736,P601,911,2148,9.80
F0703948,P002,911,2154,0.90
F1600491,P501,911,2154,11.60
F1600491,P901,911,2154,10.80
F0701702,P001,911,2154,0.00
F1700736,P701,911,2154,1.60
F0501686,P001,911,2154,1.40
F0501686,P002,911,2154,1.40
F0701702,P002,911,2154,9.60
F0703948,P001,911,2154,0.80
F0703948,P003,911,2154,2.50
F1700736,P601,911,2154,9.90
F0701702,P001,923,2200,0.00
F0701702,P002,922,2200,57.00
F0703948,P001,911,2200,0.80
F0703948,P002,922,2200,3.00
F0703948,P003,924,2200,2.00
F1600491,P501,922,2200,0.00
F1700736,P601,922,2200,5.00
F1700736,P701,911,2200,1.60
F1700736,P701,922,2200,0.00
F1700736,P701,923,2200,1.00
F0701702,P002,911,2200,9.60
F0703948,P001,924,2200,10.00
F0703948,P002,911,2200,1.00
F0703948,P003,923,2200,78.00
F1600491,P901,923,2200,245.00
F2300972,P101,924,2200,1.00
F2300972,P201,922,2200,5.00
F2300972,P301,922,2200,11.00
F2300972,P101,911,2200,2.10
F2300972,P201,911,2200,0.70
F2300972,P301,924,2200,3.00
F0701702,P001,922,2200,0.00
F0701702,P002,923,2200,213.00
F0703948,P001,923,2200,107.00
F0703948,P002,924,2200,14.00
F0703948,P003,911,2200,2.50
F1600491,P501,911,2200,11.60
F1600491,P901,911,2200,10.80
F1700736,P601,923,2200,17.00
F2300972,P101,923,2200,90.00
F2300972,P201,924,2200,1.00
F2300972,P301,911,2200,0.60
F0701702,P001,911,2200,0.00
F0703948,P001,922,2200,4.00
F0703948,P002,923,2200,121.00
F0703948,P003,922,2200,7.00
F1600491,P501,923,2200,0.00
F1600491,P901,922,2200,27.00
F1700736,P601,911,2200,9.80
F2300972,P101,922,2200,4.00
F2300972,P201,923,2200,79.00
F2300972,P301,923,2200,81.00
F0703948,P001,911,2206,0.80
F1700736,P701,911,2206,1.60
F0501686,P001,911,2206,1.40
F0501686,P002,911,2206,1.40
F0701702,P002,911,2206,9.60
F0703948,P002,911,2206,1.00
F2300972,P101,911,2206,2.10
F2300972,P201,911,2206,0.70
F0703948,P003,911,2206,2.50
F1600491,P501,911,2206,11.60
F1600491,P901,911,2206,10.80
F2300972,P301,911,2206,0.60
F0701702,P001,911,2206,0.00
F1700736,P601,911,2206,9.70
F0703948,P001,911,2212,0.80
F1700736,P701,911,2212,1.60
F0501686,P001,911,2212,1.40
F0501686,P002,911,2212,1.40
F0701702,P002,911,2212,9.60
F0703948,P002,911,2212,0.90
F2300972,P101,911,2212,2.10
F2300972,P201,911,2212,0.70
F0703948,P003,911,2212,2.50
F1600491,P501,911,2212,11.60
F1600491,P901,911,2212,10.80
F2300972,P301,911,2212,0.60
F0701702,P001,911,2212,0.00
F1700736,P601,911,2212,9.70
F0501686,P001,922,2215,10.00
F0501686,P001,924,2215,17.00
F0501686,P002,922,2215,8.00
F0501686,P002,923,2215,89.00
F0701702,P001,923,2215,0.00
F0701702,P002,922,2215,58.00
F0703948,P002,922,2215,3.00
F0703948,P003,924,2215,9.00
F1600491,P501,922,2215,0.00
F1700736,P601,922,2215,5.00
F1700736,P701,922,2215,0.00
F1700736,P701,923,2215,1.00
F0501686,P001,923,2215,101.00
F0703948,P001,924,2215,30.00
F0703948,P003,923,2215,104.00
F1600491,P901,923,2215,241.00
F2300972,P101,924,2215,1.00
F2300972,P201,922,2215,4.00
F2300972,P301,922,2215,9.00
F2300972,P301,924,2215,28.00
F0701702,P001,922,2215,0.00
F0701702,P002,923,2215,207.00
F0703948,P001,923,2215,103.00
F0703948,P002,924,2215,30.00
F1700736,P601,923,2215,17.00
F2300972,P101,923,2215,93.00
F2300972,P201,924,2215,1.00
F0501686,P002,924,2215,14.00
F0703948,P001,922,2215,4.00
F0703948,P002,923,2215,119.00
F0703948,P003,922,2215,5.00
F1600491,P501,923,2215,0.00
F1600491,P901,922,2215,28.00
F2300972,P101,922,2215,2.00
F2300972,P201,923,2215,79.00
F2300972,P301,923,2215,70.00
F0703948,P001,911,2218,0.80
F1700736,P701,911,2218,1.60
F0501686,P001,911,2218,1.40
F0501686,P002,911,2218,1.40
F0701702,P002,911,2218,9.90
F0703948,P002,911,2218,0.90
F2300972,P101,911,2218,2.10
F2300972,P201,911,2218,0.80
F0703948,P003,911,2218,2.50
F1600491,P501,911,2218,11.60
F1600491,P901,911,2218,10.90
F2300972,P301,911,2218,0.60
F0701702,P001,911,2218,0.00
F1700736,P601,911,2218,9.70
F0703948,P001,911,2224,0.80
F1700736,P701,911,2224,1.70
F0501686,P001,911,2224,1.40
F0501686,P002,911,2224,1.40
F0701702,P002,911,2224,9.60
F0703948,P002,911,2224,0.90
F2300972,P101,911,2224,2.10
F2300972,P201,911,2224,0.80
F0703948,P003,911,2224,2.50
F1600491,P501,911,2224,11.60
F1600491,P901,911,2224,10.80
F2300972,P301,911,2224,0.60
F0701702,P001,911,2224,0.00
F1700736,P601,911,2224,9.80
F0501686,P001,922,2230,11.00
F0501686,P001,924,2230,18.00
F0501686,P002,922,2230,9.00
F0501686,P002,923,2230,78.00
F0701702,P001,923,2230,0.00
F0701702,P002,922,2230,58.00
F0703948,P001,911,2230,0.80
F0703948,P002,922,2230,3.00
F0703948,P003,924,2230,8.00
F1600491,P501,922,2230,0.00
F1700736,P601,922,2230,5.00
F1700736,P701,911,2230,1.90
F1700736,P701,922,2230,0.00
F1700736,P701,923,2230,1.00
F0501686,P001,911,2230,1.40
F0501686,P001,923,2230,86.00
F0501686,P002,911,2230,1.40
F0701702,P002,911,2230,9.60
F0703948,P001,924,2230,36.00
F0703948,P002,911,2230,0.90
F0703948,P003,923,2230,116.00
F1600491,P901,923,2230,239.00
F2300972,P101,911,2230,2.10
F2300972,P201,911,2230,0.80
F0701702,P001,922,2230,0.00
F0701702,P002,923,2230,206.00
F0703948,P001,923,2230,103.00
F0703948,P002,924,2230,45.00
F0703948,P003,911,2230,2.50
F1600491,P501,911,2230,11.60
F1600491,P901,911,2230,10.80
F1700736,P601,923,2230,17.00
F2300972,P301,911,2230,0.60
F0501686,P002,924,2230,17.00
F0701702,P001,911,2230,0.00
F0703948,P001,922,2230,4.00
F0703948,P002,923,2230,95.00
F0703948,P003,922,2230,3.00
F1600491,P501,923,2230,0.00
F1600491,P901,922,2230,28.00
F1700736,P601,911,2230,10.00
F0703948,P001,911,2236,0.80
F1700736,P701,911,2236,1.90
F0501686,P001,911,2236,1.40
F0501686,P002,911,2236,1.40
F0701702,P002,911,2236,9.60
F0703948,P002,911,2236,0.90
F2300972,P101,911,2236,2.10
F2300972,P201,911,2236,0.90
F0703948,P003,911,2236,2.50
F1600491,P501,911,2236,11.60
F1600491,P901,911,2236,10.80
F2300972,P301,911,2236,0.60
F0701702,P001,911,2236,0.00
F1700736,P601,911,2236,10.00
F0703948,P001,911,2242,0.80
F1700736,P701,911,2242,1.70
F0501686,P001,911,2242,1.40
F0501686,P002,911,2242,1.40
F0701702,P002,911,2242,9.60
F0703948,P002,911,2242,0.90
F0703948,P003,911,2242,2.50
F1600491,P501,911,2242,11.60
F1600491,P901,911,2242,10.80
F0701702,P001,911,2242,0.00
F1700736,P601,911,2242,9.90
F0501686,P001,922,2245,11.00
F0501686,P001,924,2245,16.00
F0501686,P002,922,2245,9.00
F0501686,P002,923,2245,77.00
F0701702,P001,923,2245,0.00
F0701702,P002,922,2245,59.00
F0703948,P002,922,2245,3.00
F0703948,P003,924,2245,20.00
F1600491,P501,922,2245,0.00
F1700736,P601,922,2245,5.00
F1700736,P701,922,2245,0.00
F1700736,P701,923,2245,1.00
F0501686,P001,923,2245,101.00
F0703948,P001,924,2245,20.00
F0703948,P003,923,2245,121.00
F1600491,P901,923,2245,243.00
F0701702,P001,922,2245,0.00
F0701702,P002,923,2245,206.00
F0703948,P001,923,2245,104.00
F0703948,P002,924,2245,17.00
F1700736,P601,923,2245,16.00
F0501686,P002,924,2245,19.00
F0703948,P001,922,2245,3.00
F0703948,P002,923,2245,103.00
F0703948,P003,922,2245,3.00
F1600491,P501,923,2245,0.00
F1600491,P901,922,2245,28.00
F0703948,P001,911,2248,0.80
F1700736,P701,911,2248,1.50
F0501686,P001,911,2248,1.40
F0501686,P002,911,2248,1.40
F0701702,P002,911,2248,9.90
F0703948,P002,911,2248,0.90
F0703948,P003,911,2248,2.50
F1600491,P501,911,2248,11.60
F1600491,P901,911,2248,10.90
F0701702,P001,911,2248,0.00
F1700736,P601,911,2248,9.80
F0703948,P001,911,2254,0.80
F1700736,P701,911,2254,1.50
F0501686,P001,911,2254,1.40
F0501686,P002,911,2254,1.40
F0701702,P002,911,2254,9.60
F0703948,P002,911,2254,0.90
F0703948,P003,911,2254,2.50
F1600491,P501,911,2254,11.70
F1600491,P901,911,2254,10.80
F0701702,P001,911,2254,0.00
F1700736,P601,911,2254,9.70
F0501686,P001,911,2300,1.40
F0501686,P001,923,2300,108.00
F0501686,P002,911,2300,1.40
F0701702,P002,911,2300,9.60
F0703948,P001,922,2300,3.00
F0703948,P002,923,2300,113.00
F0703948,P003,923,2300,97.00
F1600491,P501,911,2300,11.60
F1600491,P901,911,2300,10.80
F0501686,P002,922,2300,8.00
F0501686,P002,923,2300,87.00
F0701702,P001,923,2300,0.00
F0703948,P001,911,2300,0.80
F0703948,P002,924,2300,16.00
F0703948,P003,922,2300,3.00
F1600491,P501,922,2300,0.00
F1600491,P901,922,2300,28.00
F1700736,P601,922,2300,5.00
F1700736,P701,911,2300,1.50
F1700736,P701,922,2300,0.00
F1700736,P701,923,2300,1.00
F2300972,P101,911,2300,2.10
F0501686,P001,922,2300,10.00
F0501686,P001,924,2300,17.00
F0701702,P001,911,2300,0.00
F0701702,P002,922,2300,57.00
F0703948,P001,924,2300,17.00
F0703948,P002,922,2300,3.00
F0703948,P003,924,2300,10.00
F1600491,P901,923,2300,239.00
F1700736,P601,923,2300,16.00
F2300972,P101,923,2300,83.00
F2300972,P201,924,2300,1.00
F2300972,P301,911,2300,0.60
F2300972,P101,924,2300,1.00
F2300972,P201,911,2300,0.70
F2300972,P301,922,2300,10.00
F2300972,P301,924,2300,1.00
F0501686,P002,924,2300,17.00
F0701702,P001,922,2300,0.00
F0701702,P002,923,2300,207.00
F0703948,P001,923,2300,120.00
F0703948,P002,911,2300,1.00
F0703948,P003,911,2300,2.50
F1600491,P501,923,2300,0.00
F1700736,P601,911,2300,9.60
F2300972,P101,922,2300,3.00
F2300972,P201,922,2300,4.00
F2300972,P201,923,2300,80.00
F2300972,P301,923,2300,85.00
F0501686,P001,911,2306,1.40
F0501686,P002,911,2306,1.40
F0701702,P002,911,2306,9.50
F1600491,P501,911,2306,11.60
F1600491,P901,911,2306,10.80
F0703948,P001,911,2306,0.80
F1700736,P701,911,2306,1.50
F2300972,P101,911,2306,2.10
F0701702,P001,911,2306,0.00
F2300972,P301,911,2306,0.50
F2300972,P201,911,2306,0.70
F0703948,P002,911,2306,0.90
F0703948,P003,911,2306,2.50
F1700736,P601,911,2306,9.60
F0501686,P001,911,2312,1.40
F0501686,P002,911,2312,1.40
F0701702,P002,911,2312,9.60
F1600491,P501,911,2312,11.60
F1600491,P901,911,2312,10.80
F0703948,P001,911,2312,0.80
F1700736,P701,911,2312,1.60
F2300972,P101,911,2312,2.10
F0701702,P001,911,2312,0.00
F2300972,P301,911,2312,0.50
F2300972,P201,911,2312,0.80
F0703948,P002,911,2312,0.90
F0703948,P003,911,2312,2.50
F1700736,P601,911,2312,9.60
F0501686,P001,923,2315,113.00
F0703948,P001,922,2315,3.00
F0703948,P002,923,2315,117.00
F0703948,P003,923,2315,111.00
F0501686,P002,922,2315,8.00
F0501686,P002,923,2315,88.00
F0701702,P001,923,2315,0.00
F0703948,P002,924,2315,32.00
F0703948,P003,922,2315,4.00
F1600491,P501,922,2315,0.00
F1600491,P901,922,2315,29.00
F1700736,P601,922,2315,5.00
F1700736,P701,922,2315,0.00
F1700736,P701,923,2315,0.00
F0501686,P001,922,2315,11.00
F0501686,P001,924,2315,17.00
F0701702,P002,922,2315,54.00
F0703948,P001,924,2315,16.00
F0703948,P002,922,2315,3.00
F0703948,P003,924,2315,11.00
F1600491,P901,923,2315,239.00
F1700736,P601,923,2315,16.00
F2300972,P101,923,2315,82.00
F2300972,P201,924,2315,1.00
F2300972,P101,924,2315,1.00
F2300972,P301,922,2315,9.00
F2300972,P301,924,2315,2.00
F0501686,P002,924,2315,16.00
F0701702,P001,922,2315,0.00
F0701702,P002,923,2315,206.00
F0703948,P001,923,2315,109.00
F1600491,P501,923,2315,0.00
F2300972,P101,922,2315,3.00
F2300972,P201,922,2315,4.00
F2300972,P201,923,2315,88.00
F2300972,P301,923,2315,83.00
F0501686,P001,911,2318,1.40
F0501686,P002,911,2318,1.40
F0701702,P002,911,2318,9.90
F1600491,P501,911,2318,11.60
F1600491,P901,911,2318,10.80
F0703948,P001,911,2318,0.80
F1700736,P701,911,2318,1.60
F2300972,P101,911,2318,2.10
F0701702,P001,911,2318,0.00
F2300972,P301,911,2318,0.50
F2300972,P201,911,2318,0.80
F0703948,P002,911,2318,0.90
F0703948,P003,911,2318,2.50
F1700736,P601,911,2318,9.60
F0501686,P001,911,2324,1.40
F0501686,P002,911,2324,1.40
F0701702,P002,911,2324,9.60
F1600491,P501,911,2324,11.60
F1600491,P901,911,2324,10.80
F0703948,P001,911,2324,0.80
F1700736,P701,911,2324,1.50
F0701702,P001,911,2324,0.00
F2300972,P301,911,2324,0.60
F2300972,P201,911,2324,0.70
F0703948,P002,911,2324,0.90
F0703948,P003,911,2324,2.50
F1700736,P601,911,2324,9.50
F2300972,P101,911,2324,2.10
F0501686,P001,911,2330,1.40
F0501686,P001,923,2330,107.00
F0501686,P002,911,2330,1.40
F0701702,P002,911,2330,9.60
F0703948,P001,922,2330,3.00
F0703948,P002,923,2330,109.00
F0703948,P003,923,2330,127.00
F1600491,P501,911,2330,11.60
F1600491,P901,911,2330,10.80
F0501686,P002,922,2330,7.00
F0501686,P002,923,2330,88.00
F0701702,P001,923,2330,0.00
F0703948,P001,911,2330,0.80
F0703948,P002,924,2330,30.00
F0703948,P003,922,2330,4.00
F1600491,P501,922,2330,0.00
F1600491,P901,922,2330,28.00
F1700736,P601,922,2330,5.00
F1700736,P701,911,2330,1.50
F1700736,P701,922,2330,0.00
F1700736,P701,923,2330,0.00
F0501686,P001,922,2330,10.00
F0501686,P001,924,2330,16.00
F0701702,P001,911,2330,0.00
F0701702,P002,922,2330,55.00
F0703948,P001,924,2330,18.00
F0703948,P002,922,2330,3.00
F0703948,P003,924,2330,28.00
F1600491,P901,923,2330,239.00
F1700736,P601,923,2330,17.00
F2300972,P301,911,2330,0.50
F2300972,P201,911,2330,0.70
F0501686,P002,924,2330,15.00
F0701702,P001,922,2330,0.00
F0701702,P002,923,2330,209.00
F0703948,P001,923,2330,106.00
F0703948,P002,911,2330,0.90
F0703948,P003,911,2330,2.50
F1600491,P501,923,2330,0.00
F1700736,P601,911,2330,9.50
F2300972,P101,911,2330,2.10
F0501686,P001,911,2336,1.40
F0501686,P002,911,2336,1.40
F0701702,P002,911,2336,9.50
F1600491,P501,911,2336,11.60
F1600491,P901,911,2336,10.90
F0703948,P001,911,2336,0.80
F1700736,P701,911,2336,1.60
F0701702,P001,911,2336,0.00
F2300972,P301,911,2336,0.60
F2300972,P201,911,2336,0.80
F0703948,P002,911,2336,0.90
F0703948,P003,911,2336,2.50
F1700736,P601,911,2336,9.50
F2300972,P101,911,2336,2.10
F0501686,P001,911,2342,1.40
F0501686,P002,911,2342,1.40
F0701702,P002,911,2342,9.60
F1600491,P501,911,2342,11.60
F1600491,P901,911,2342,10.80
F0703948,P001,911,2342,0.80
F1700736,P701,911,2342,1.70
F0701702,P001,911,2342,0.00
F0703948,P002,911,2342,0.90
F0703948,P003,911,2342,2.50
F1700736,P601,911,2342,9.80
F0501686,P001,923,2345,110.00
F0703948,P001,922,2345,3.00
F0703948,P002,923,2345,82.00
F0703948,P003,923,2345,119.00
F0501686,P002,922,2345,7.00
F0501686,P002,923,2345,100.00
F0701702,P001,923,2345,0.00
F0703948,P002,924,2345,13.00
F0703948,P003,922,2345,3.00
F1600491,P501,922,2345,0.00
F1600491,P901,922,2345,28.00
F1700736,P601,922,2345,5.00
F1700736,P701,922,2345,0.00
F1700736,P701,923,2345,0.00
F0501686,P001,922,2345,9.00
F0501686,P001,924,2345,16.00
F0701702,P002,922,2345,54.00
F0703948,P001,924,2345,13.00
F0703948,P002,922,2345,3.00
F0703948,P003,924,2345,25.00
F1600491,P901,923,2345,242.00
F1700736,P601,923,2345,17.00
F0501686,P002,924,2345,13.00
F0701702,P001,922,2345,0.00
F0701702,P002,923,2345,210.00
F0703948,P001,923,2345,102.00
F1600491,P501,923,2345,0.00
F0501686,P001,911,2348,1.40
F0501686,P002,911,2348,1.40
F0701702,P002,911,2348,9.90
F1600491,P501,911,2348,11.60
F0703948,P001,911,2348,0.80
F1700736,P701,911,2348,1.80
F0701702,P001,911,2348,0.00
F1600491,P901,911,2348,10.80
F0703948,P002,911,2348,0.90
F0703948,P003,911,2348,2.50
F1700736,P601,911,2348,9.50
F0501686,P001,911,2354,1.40
F0501686,P002,911,2354,1.40
F0701702,P002,911,2354,9.60
F1600491,P501,911,2354,11.60
F0703948,P001,911,2354,0.80
F1700736,P701,911,2354,1.80
F0701702,P001,911,2354,0.00
F1600491,P901,911,2354,10.80
F0703948,P002,911,2354,0.90
F0703948,P003,911,2354,2.50
F1700736,P601,911,2354,9.40
