2016-06-11,1465574400,,,
